,Unnamed: 0,Time / s,Vo:Measured voltage,IL:Measured current,Vin:Measured voltage,open1_time,open2_time,open3,open4,short1_time,short2_time,short3,short4,OPEN,SHORT
0,0,1.1111382975150033,391.4914806405084,-4.422892832563087,-107.2277131484328,0,0,0,0,0,0,0,0,0,0
1,1,1.11114,391.379891230921,-4.503711243551143,-109.06068573218678,0,0,0,0,0,0,0,0,0,0
2,2,1.11116,391.2699207797044,-4.581325882375351,-110.88935278676018,0,0,0,0,0,0,0,0,0,0
3,3,1.11118,391.161289721619,-4.655611264923465,-112.71364211960812,0,0,0,0,0,0,0,0,0,0
4,4,1.1112,391.05407027093776,-4.72644594743494,-114.53348171082882,0,0,0,0,0,0,0,0,0,0
5,5,1.11122,390.94796358779627,-4.793701119152591,-116.34879971630434,0,0,0,0,0,0,0,0,0,0
6,6,1.11124,390.843455927951,-4.857256133405208,-118.15952447040452,0,0,0,0,0,0,0,0,0,0
7,7,1.11126,390.7402385298286,-4.916973260308885,-119.96558448878376,0,0,0,0,0,0,0,0,0,0
8,8,1.11128,390.63788733091343,-5.0378209968358805,-121.76690847131768,0,0,0,0,0,0,0,0,0,0
9,9,1.1113,390.5376779227468,-5.089442867517316,-123.5634253047872,0,0,0,0,0,0,0,0,0,0
10,10,1.11132,390.4390112053695,-5.1368152899953055,-125.3550640658002,0,0,0,0,0,0,0,0,0,0
11,11,1.11134,390.3415476664063,-5.179788696424584,-127.14175402354232,0,0,0,0,0,0,0,0,0,0
12,12,1.11136,390.24483719395727,-5.283254600417892,-128.923424642521,0,0,0,0,0,0,0,0,0,0
13,13,1.11138,390.1500073227424,-5.382000140623613,-130.70000558546317,0,0,0,0,0,0,0,0,0,0
14,14,1.1114,390.0574761307756,-5.410863329100188,-132.47142671596296,0,0,0,0,0,0,0,0,0,0
15,15,1.11142,389.9660157498818,-5.434714381552273,-134.23761810136352,0,0,0,0,0,0,0,0,0,0
16,16,1.11144,389.8751497837495,-5.5183723945260645,-135.99851001546898,0,0,0,0,0,0,0,0,0,0
17,17,1.11146,389.7854930374657,-5.661636201099142,-137.75403294124985,0,0,0,0,0,0,0,0,0,0
18,18,1.11148,389.6984792677392,-5.7344054270059885,-139.50411757369878,0,0,0,0,0,0,0,0,0,0
19,19,1.1115,389.6138581453313,-5.7365488834335885,-141.24869482243938,0,0,0,0,0,0,0,0,0,0
20,20,1.1115199999999998,389.5296203858941,-5.7977593158572285,-142.98769581456492,0,0,0,0,0,0,0,0,0,0
21,21,1.11154,389.4464089453992,-5.917828664328088,-144.72105189730956,0,0,0,0,0,0,0,0,0,0
22,22,1.11156,389.3654786506677,-6.031651128965097,-146.44869464071178,0,0,0,0,0,0,0,0,0,0
23,23,1.11158,389.2877453963232,-6.009285811782473,-148.1705558404255,0,0,0,0,0,0,0,0,0,0
24,24,1.1116,389.2101251672551,-6.04520188646144,-149.8865675202877,0,0,0,0,0,0,0,0,0,0
25,25,1.11162,389.1332876735484,-6.139185539964997,-151.59666193512663,0,0,0,0,0,0,0,0,0,0
26,26,1.11164,389.0578998483304,-6.29101228472358,-153.30077157331198,0,0,0,0,0,0,0,0,0,0
27,27,1.11166,388.98617742198905,-6.370801856409398,-154.9988291595286,0,0,0,0,0,0,0,0,0,0
28,28,1.11168,388.9165364335879,-6.378365889540763,-156.69076765738583,0,0,0,0,0,0,0,0,0,0
29,29,1.1117,388.8473655159865,-6.443144017017651,-158.37652027201827,0,0,0,0,0,0,0,0,0,0
30,30,1.11172,388.77935646523616,-6.56490662944879,-160.05602045284476,0,0,0,0,0,0,0,0,0,0
31,31,1.11174,388.71388669561736,-6.678634545692254,-161.72920189599807,0,0,0,0,0,0,0,0,0,0
32,32,1.11176,388.6519292661275,-6.654569524349566,-163.39599854720052,0,0,0,0,0,0,0,0,0,0
33,33,1.11178,388.5900525178929,-6.686824056400673,-165.0563446041891,0,0,0,0,0,0,0,0,0,0
34,34,1.1118,388.5289715894869,-6.775165023037366,-166.7101745192844,0,0,0,0,0,0,0,0,0,0
35,35,1.11182,388.46939830485337,-6.9193471821360735,-168.35742300215813,0,0,0,0,0,0,0,0,0,0
36,36,1.11184,388.41374153345225,-6.989660744344872,-169.99802502223096,0,0,0,0,0,0,0,0,0,0
37,37,1.1118599999999998,388.36022405811167,-6.985879343588918,-171.6319158113592,0,0,0,0,0,0,0,0,0,0
38,38,1.11188,388.307048777063,-7.037227199359736,-173.25903086634685,0,0,0,0,0,0,0,0,0,0
39,39,1.1119,388.25494882279446,-7.1434567146326495,-174.8793059514482,0,0,0,0,0,0,0,0,0,0
40,40,1.11192,388.20465366379966,-7.304307477152096,-176.4926771010065,0,0,0,0,0,0,0,0,0,0
41,41,1.11194,388.1592508310234,-7.325454051058486,-178.0990806218622,0,0,0,0,0,0,0,0,0,0
42,42,1.11196,388.1148471417473,-7.336026793906854,-179.6984530959839,0,0,0,0,0,0,0,0,0,0
43,43,1.11198,388.0709876171552,-7.400464891083949,-181.290731382856,0,0,0,0,0,0,0,0,0,0
44,44,1.112,388.028420934752,-7.518507059548948,-182.8758526220725,0,0,0,0,0,0,0,0,0,0
45,45,1.11202,387.9878917527964,-7.689878524714983,-184.45375423577548,0,0,0,0,0,0,0,0,0,0
46,46,1.11204,387.9529662168725,-7.655692311671482,-186.0243739310824,0,0,0,0,0,0,0,0,0,0
47,47,1.11206,387.91794504760577,-7.674299915952004,-187.58764970264545,0,0,0,0,0,0,0,0,0,0
48,48,1.11208,387.8835941562626,-7.745441778964576,-189.1435198349856,0,0,0,0,0,0,0,0,0,0
49,49,1.1121,387.850675285646,-7.868844114518077,-190.69192290502824,0,0,0,0,0,0,0,0,0,0
50,50,1.11212,387.8207889310616,-7.979591704504246,-192.23279778448548,0,0,0,0,0,0,0,0,0,0
51,51,1.11214,387.7949852587783,-7.948150854115256,-193.7660836422276,0,0,0,0,0,0,0,0,0,0
52,52,1.11216,387.76910869545407,-7.968125018819155,-195.291719946782,0,0,0,0,0,0,0,0,0,0
53,53,1.11218,387.7439360922165,-8.03924439641013,-196.80964646861204,0,0,0,0,0,0,0,0,0,0
54,54,1.1122,387.720239805974,-8.161224317926607,-198.3198032825917,0,0,0,0,0,0,0,0,0,0
55,55,1.11222,387.6999116132001,-8.269161050189846,-199.82213077032927,0,0,0,0,0,0,0,0,0,0
56,56,1.11224,387.6835063650989,-8.233533997642342,-201.31656962248084,0,0,0,0,0,0,0,0,0,0
57,57,1.11226,387.66694363966405,-8.247877942234929,-202.80306084118627,0,0,0,0,0,0,0,0,0,0
58,58,1.11228,387.65100858048606,-8.31191492828194,-204.2815457422908,0,0,0,0,0,0,0,0,0,0
59,59,1.1122999999999998,387.6364815325681,-8.42535152701488,-205.7519659577555,0,0,0,0,0,0,0,0,0,0
60,60,1.11232,387.62413780114406,-8.58787893489277,-207.2142634379344,0,0,0,0,0,0,0,0,0,0
61,61,1.11234,387.6174957232416,-8.605397640223702,-208.66838045376088,0,0,0,0,0,0,0,0,0,0
62,62,1.11236,387.6119250844416,-8.606764116452934,-210.11425959926385,0,0,0,0,0,0,0,0,0,0
63,63,1.11238,387.6067765470128,-8.656282326506995,-211.5518437935449,0,0,0,0,0,0,0,0,0,0
64,64,1.1124,387.6028352917589,-8.753652791855366,-212.9810762832808,0,0,0,0,0,0,0,0,0,0
65,65,1.11242,387.6008811719339,-8.898560109124311,-214.40190064479404,0,0,0,0,0,0,0,0,0,0
66,66,1.11244,387.6045223591095,-8.8969055146579,-215.8142607863848,0,0,0,0,0,0,0,0,0,0
67,67,1.11246,387.60893548935246,-8.877523365600998,-217.2181009505057,0,0,0,0,0,0,0,0,0,0
68,68,1.11248,387.6134166825869,-8.904710859791061,-218.61336571592528,0,0,0,0,0,0,0,0,0,0
69,69,1.1125,387.618753476417,-8.978165793441534,-220.00000000000503,0,0,0,0,0,0,0,0,0,0
70,70,1.11252,387.6257278431465,-9.097569528688478,-221.3779490607726,0,0,0,0,0,0,0,0,0,0
71,71,1.11254,387.6351159140714,-9.262587113847454,-222.7471584991711,0,0,0,0,0,0,0,0,0,0
72,72,1.11256,387.65039913642136,-9.279078878981714,-224.10757426116865,0,0,0,0,0,0,0,0,0,0
73,73,1.11258,387.6670337427229,-9.275866171686442,-225.45914263985568,0,0,0,0,0,0,0,0,0,0
74,74,1.1126,387.68400056948497,-9.317231417318506,-226.80181027765133,0,0,0,0,0,0,0,0,0,0
75,75,1.11262,387.7020800472381,-9.402856844024644,-228.13552416831203,0,0,0,0,0,0,0,0,0,0
76,76,1.11264,387.7220465794819,-9.532407934090696,-229.46023165910924,0,0,0,0,0,0,0,0,0,0
77,77,1.11266,387.746995798112,-9.576311166802055,-230.7758804528713,0,0,0,0,0,0,0,0,0,0
78,78,1.11268,387.7742555986915,-9.534172191405323,-232.0824186100129,0,0,0,0,0,0,0,0,0,0
79,79,1.1127,387.8011317165952,-9.534894718880496,-233.37979455066812,0,0,0,0,0,0,0,0,0,0
80,80,1.11272,387.8284006204941,-9.578166691470162,-234.6679570566332,0,0,0,0,0,0,0,0,0,0
81,81,1.1127399999999998,387.8568326563024,-9.663658924289397,-235.9468552734696,0,0,0,0,0,0,0,0,0,0
82,82,1.11276,387.88719173941854,-9.791025245295176,-237.21643871247693,0,0,0,0,0,0,0,0,0,0
83,83,1.11278,387.92131504895394,-9.895261732657314,-238.47665725265213,0,0,0,0,0,0,0,0,0,0
84,84,1.1128,387.9595195733298,-9.9113295490997,-239.72746114274776,0,0,0,0,0,0,0,0,0,0
85,85,1.11282,387.9990990857781,-9.90348494406608,-240.96880100314536,0,0,0,0,0,0,0,0,0,0
86,86,1.11284,388.0388985655928,-9.936039497450288,-242.20062782789523,0,0,0,0,0,0,0,0,0,0
87,87,1.11286,388.0796736586748,-10.00865783398206,-243.4228929865613,0,0,0,0,0,0,0,0,0,0
88,88,1.11288,388.1221732638286,-10.12098745971714,-244.63554822621896,0,0,0,0,0,0,0,0,0,0
89,89,1.1129,388.1682596710312,-10.207977375940088,-245.83854567333765,0,0,0,0,0,0,0,0,0,0
90,90,1.11292,388.2168540557644,-10.269222557782312,-247.0318378355836,0,0,0,0,0,0,0,0,0,0
91,91,1.11294,388.26905848949104,-10.239641194332174,-248.21537760389032,0,0,0,0,0,0,0,0,0,0
92,92,1.11296,388.321042379206,-10.248239281354689,-249.3891182540806,0,0,0,0,0,0,0,0,0,0
93,93,1.11298,388.3735428786208,-10.294681675832544,-250.5530134489049,0,0,0,0,0,0,0,0,0,0
94,94,1.113,388.42729019713846,-10.378616085432402,-251.70701723978408,0,0,0,0,0,0,0,0,0,0
95,95,1.11302,388.4830072715623,-10.499673235192102,-252.8510840686038,0,0,0,0,0,0,0,0,0,0
96,96,1.11304,388.54310168798594,-10.527979923330264,-253.9851687695852,0,0,0,0,0,0,0,0,0,0
97,97,1.11306,388.60409000187536,-10.592606649784924,-255.1092265709855,0,0,0,0,0,0,0,0,0,0
98,98,1.1130799999999998,388.6688250701656,-10.563659442337364,-256.22321309693785,0,0,0,0,0,0,0,0,0,0
99,99,1.1131,388.7333146311412,-10.57025782717676,-257.32708436917164,0,0,0,0,0,0,0,0,0,0
100,100,1.11312,388.7982661231959,-10.612057498110996,-258.4207968087191,0,0,0,0,0,0,0,0,0,0
101,101,1.11314,388.8643796627426,-10.688697259257472,-259.50430723770563,0,0,0,0,0,0,0,0,0,0
102,102,1.11316,388.9323477110421,-10.799799205099497,-260.5775728809752,0,0,0,0,0,0,0,0,0,0
103,103,1.11318,389.0046013078716,-10.815329136018091,-261.64055136785737,0,0,0,0,0,0,0,0,0,0
104,104,1.1132,389.07748567880367,-10.86449671312272,-262.69320073376235,0,0,0,0,0,0,0,0,0,0
105,105,1.11322,389.15310367114745,-10.882088659877162,-263.73547942190527,0,0,0,0,0,0,0,0,0,0
106,106,1.11324,389.23014541352825,-10.867680288750696,-264.7673462849174,0,0,0,0,0,0,0,0,0,0
107,107,1.11326,389.3071979291532,-10.885748118329753,-265.78876058644323,0,0,0,0,0,0,0,0,0,0
108,108,1.11328,389.3849265928324,-10.935931811298888,-266.7996820028136,0,0,0,0,0,0,0,0,0,0
109,109,1.1133,389.4639889354328,-11.017854738865257,-267.80007062456355,0,0,0,0,0,0,0,0,0,0
110,110,1.11332,389.5450343132291,-11.131124177871488,-268.7898869580725,0,0,0,0,0,0,0,0,0,0
111,111,1.11334,389.63051540868486,-11.145484428444163,-269.76909192709525,0,0,0,0,0,0,0,0,0,0
112,112,1.11336,389.71658441273365,-11.190332842562846,-270.7376468742786,0,0,0,0,0,0,0,0,0,0
113,113,1.11338,389.80387451293257,-11.265289830214323,-271.6955135627492,0,0,0,0,0,0,0,0,0,0
114,114,1.1134,389.8952601610431,-11.240025892526068,-272.64265417755286,0,0,0,0,0,0,0,0,0,0
115,115,1.11342,389.9863877727266,-11.24402703090436,-273.5790313272087,0,0,0,0,0,0,0,0,0,0
116,116,1.11344,390.0778742588341,-11.276929744801338,-274.5046080451585,0,0,0,0,0,0,0,0,0,0
117,117,1.11346,390.17032842275694,-11.338355045045189,-275.41934779120146,0,0,0,0,0,0,0,0,0,0
118,118,1.11348,390.26435063721135,-11.427908662569358,-276.3232144530035,0,0,0,0,0,0,0,0,0,0
119,119,1.1135,390.36181856486434,-11.480136240814616,-277.21617234741564,0,0,0,0,0,0,0,0,0,0
120,120,1.1135199999999998,390.4612450521665,-11.494573648177044,-278.09818622202187,0,0,0,0,0,0,0,0,0,0
121,121,1.11354,390.5612346178966,-11.535867371019563,-278.9692212564321,0,0,0,0,0,0,0,0,0,0
122,122,1.11356,390.66236058850495,-11.603628168118364,-279.8292430636433,0,0,0,0,0,0,0,0,0,0
123,123,1.11358,390.76669630283607,-11.632341417516889,-280.6782176914903,0,0,0,0,0,0,0,0,0,0
124,124,1.1136,390.8726910046296,-11.621539056685084,-281.51611162389344,0,0,0,0,0,0,0,0,0,0
125,125,1.11362,390.97868663983286,-11.635938455320316,-282.34289178224986,0,0,0,0,0,0,0,0,0,0
126,126,1.11364,391.0852288263427,-11.67515968698061,-283.1585255266798,0,0,0,0,0,0,0,0,0,0
127,127,1.11366,391.19285453413033,-11.738808789014088,-283.9629806573671,0,0,0,0,0,0,0,0,0,0
128,128,1.11368,391.30341511803215,-11.761276503789787,-284.75622541580776,0,0,0,0,0,0,0,0,0,0
129,129,1.1137,391.41528804582265,-11.742096306573286,-285.5382284860426,0,0,0,0,0,0,0,0,0,0
130,130,1.11372,391.5269517265807,-11.746077157127491,-286.3089589959436,0,0,0,0,0,0,0,0,0,0
131,131,1.11374,391.63891431354335,-11.772839618648977,-287.06838651837603,0,0,0,0,0,0,0,0,0,0
132,132,1.11376,391.75167522871857,-11.821991022856878,-287.8164810724485,0,0,0,0,0,0,0,0,0,0
133,133,1.11378,391.8657248761044,-11.893125702026987,-288.5532131246758,0,0,0,0,0,0,0,0,0,0
134,134,1.1138,391.981544360226,-11.985825227957529,-289.27855359012443,0,0,0,0,0,0,0,0,0,0
135,135,1.11382,392.1011589763879,-12.034325986479962,-289.99247383360813,0,0,0,0,0,0,0,0,0,0
136,136,1.11384,392.2228610819427,-12.038128448332666,-290.69494567076504,0,0,0,0,0,0,0,0,0,0
137,137,1.11386,392.34483063383874,-12.062149929674655,-291.3859413692165,0,0,0,0,0,0,0,0,0,0
138,138,1.11388,392.4675163990094,-12.105993550249432,-292.06543364964153,0,0,0,0,0,0,0,0,0,0
139,139,1.1139,392.59272755574153,-12.103834803438438,-292.73339568683605,0,0,0,0,0,0,0,0,0,0
140,140,1.11392,392.717318889458,-12.120639151768769,-293.38980111081474,0,0,0,0,0,0,0,0,0,0
141,141,1.11394,392.84381814722735,-12.09057094697032,-294.0346240078035,0,0,0,0,0,0,0,0,0,0
142,142,1.1139599999999998,392.96979353914577,-12.078650151640831,-294.66783892130434,0,0,0,0,0,0,0,0,0,0
143,143,1.11398,393.09565331253606,-12.08449589314132,-295.28942085308245,0,0,0,0,0,0,0,0,0,0
144,144,1.114,393.2217967813673,-12.107716410378618,-295.8993452641362,0,0,0,0,0,0,0,0,0,0
145,145,1.11402,393.3486140849674,-12.147909296388814,-296.49758807570515,0,0,0,0,0,0,0,0,0,0
146,146,1.11404,393.47648595240366,-12.204661746893931,-297.0841256701767,0,0,0,0,0,0,0,0,0,0
147,147,1.11406,393.60578347267005,-12.277550814686998,-297.6589348920667,0,0,0,0,0,0,0,0,0,0
148,148,1.11408,393.7368678708039,-12.366143669698149,-298.2219930488705,0,0,0,0,0,0,0,0,0,0
149,149,1.1141,393.8700902900613,-12.46999786459055,-298.7732779120217,0,0,0,0,0,0,0,0,0,0
150,150,1.11412,394.0082492958416,-12.457360624484595,-299.3127677177575,0,0,0,0,0,0,0,0,0,0
151,151,1.11414,394.1462308873489,-12.459012880873964,-299.8404411679196,0,0,0,0,0,0,0,0,0,0
152,152,1.11416,394.28435961576224,-12.474559642648568,-300.3562774308782,0,0,0,0,0,0,0,0,0,0
153,153,1.11418,394.4229507129489,-12.503597159710113,-300.8602561422915,0,0,0,0,0,0,0,0,0,0
154,154,1.1142,394.5629700357523,-12.479970560949294,-301.35235740594766,0,0,0,0,0,0,0,0,0,0
155,155,1.11422,394.7025357850882,-12.468986398293248,-301.8325617945357,0,0,0,0,0,0,0,0,0,0
156,156,1.11424,394.84193665180646,-12.470254682194447,-302.3008503504,0,0,0,0,0,0,0,0,0,0
157,157,1.11426,394.9814520871605,-12.48337758568842,-302.7572045863185,0,0,0,0,0,0,0,0,0,0
158,158,1.11428,395.1227638356104,-12.442112755365766,-303.20160648619924,0,0,0,0,0,0,0,0,0,0
159,159,1.1142999999999998,395.262548333949,-12.477708880733111,-303.6340385058203,0,0,0,0,0,0,0,0,0,0
160,160,1.11432,395.4038755216054,-12.458058386367982,-304.05448357350974,0,0,0,0,0,0,0,0,0,0
161,161,1.11434,395.5441681540033,-12.514508186487951,-304.4629250908086,0,0,0,0,0,0,0,0,0,0
162,162,1.11436,395.6864823424634,-12.514843486741894,-304.8593469331526,0,0,0,0,0,0,0,0,0,0
163,163,1.11438,395.82886062722014,-12.524538850033252,-305.2437334504789,0,0,0,0,0,0,0,0,0,0
164,164,1.1144,395.971516606285,-12.543187735139576,-305.61606946787293,0,0,0,0,0,0,0,0,0,0
165,165,1.11442,396.114654244132,-12.570377775325944,-305.97634028613965,0,0,0,0,0,0,0,0,0,0
166,166,1.11444,396.2584677425351,-12.605691043580636,-306.3245316824073,0,0,0,0,0,0,0,0,0,0
167,167,1.11446,396.40314141767504,-12.648704321084326,-306.6606299106789,0,0,0,0,0,0,0,0,0,0
168,168,1.11448,396.54884958359366,-12.698989368749883,-306.9846217023657,0,0,0,0,0,0,0,0,0,0
169,169,1.1145,396.6957564420592,-12.756113201668189,-307.29649426683244,0,0,0,0,0,0,0,0,0,0
170,170,1.11452,396.8440159789112,-12.819638366293791,-307.5962352918786,0,0,0,0,0,0,0,0,0,0
171,171,1.11454,396.99377186693806,-12.889123220202466,-307.88383294424466,0,0,0,0,0,0,0,0,0,0
172,172,1.11456,397.1468092523872,-12.89794980522478,-308.15927587007013,0,0,0,0,0,0,0,0,0,0
173,173,1.11458,397.30005623897694,-12.91179833792831,-308.42255319533507,0,0,0,0,0,0,0,0,0,0
174,174,1.1146,397.45449285988144,-12.864031068872531,-308.67365452630617,0,0,0,0,0,0,0,0,0,0
175,175,1.11462,397.6061530423492,-12.88668315502914,-308.91256994992824,0,0,0,0,0,0,0,0,0,0
176,176,1.11464,397.7599765535471,-12.846894911193637,-309.13929003423186,0,0,0,0,0,0,0,0,0,0
177,177,1.11466,397.9112048949565,-12.876776878819266,-309.35380582870005,0,0,0,0,0,0,0,0,0,0
178,178,1.11468,398.0647561064389,-12.843362625262609,-309.556108864607,0,0,0,0,0,0,0,0,0,0
179,179,1.1147,398.2174907329214,-12.812508930229177,-309.7461911553862,0,0,0,0,0,0,0,0,0,0
180,180,1.11472,398.3686145803695,-12.850206055554931,-309.92404519690564,0,0,0,0,0,0,0,0,0,0
181,181,1.1147399999999998,398.5214445402325,-12.823307230433018,-310.0896639677958,0,0,0,0,0,0,0,0,0,0
182,182,1.11476,398.6719632421213,-12.86418929579232,-310.2430409297124,0,0,0,0,0,0,0,0,0,0
183,183,1.11478,398.82503825504017,-12.839624304563213,-310.384170027593,0,0,0,0,0,0,0,0,0,0
184,184,1.1148,398.9774819388342,-12.815589479592612,-310.51304568990486,0,0,0,0,0,0,0,0,0,0
185,185,1.11482,399.1284533441551,-12.85819662562628,-310.62966282885526,0,0,0,0,0,0,0,0,0,0
186,186,1.11484,399.2812214330392,-12.834041860469195,-310.73401684060144,0,0,0,0,0,0,0,0,0,0
187,187,1.11486,399.4317177885211,-12.875752854034948,-310.8261036054236,0,0,0,0,0,0,0,0,0,0
188,188,1.11488,399.58476700052967,-12.849847328537605,-310.9059194878951,0,0,0,0,0,0,0,0,0,0
189,189,1.1149,399.73712900632336,-12.822429307677584,-310.97346133702206,0,0,0,0,0,0,0,0,0,0
190,190,1.11492,399.8879158788499,-12.859738760506843,-311.0287264863668,0,0,0,0,0,0,0,0,0,0
191,191,1.11494,400.0387104872428,-12.894776289234567,-311.0717127541567,0,0,0,0,0,0,0,0,0,0
192,192,1.11496,400.1918832930916,-12.860454324690943,-311.1024184433668,0,0,0,0,0,0,0,0,0,0
193,193,1.11498,400.3425129615066,-12.889688392161569,-311.1208423417895,0,0,0,0,0,0,0,0,0,0
194,194,1.115,400.4953732849445,-12.84870015086418,-311.12698372208087,0,0,0,0,0,0,0,0,0,0
195,195,1.11502,400.64631201299545,-12.870511473112405,-311.1208423417897,0,0,0,0,0,0,0,0,0,0
196,196,1.11504,400.7976558141905,-12.888007194131164,-311.10241844336684,0,0,0,0,0,0,0,0,0,0
197,197,1.11506,400.94851272510914,-12.900768079157055,-311.0717127541568,0,0,0,0,0,0,0,0,0,0
198,198,1.1150799999999998,401.09955271665785,-12.90840023052298,-311.02872648636736,0,0,0,0,0,0,0,0,0,0
199,199,1.1151,401.25065045544295,-12.91049159074606,-310.9734613370223,0,0,0,0,0,0,0,0,0,0
200,200,1.11512,401.4016710203397,-12.906633559570356,-310.905919487896,0,0,0,0,0,0,0,0,0,0
201,201,1.11514,401.5524699903842,-12.896421256415374,-310.82610360542384,0,0,0,0,0,0,0,0,0,0
202,202,1.11516,401.70367829220766,-12.87945483966196,-310.73401684060167,0,0,0,0,0,0,0,0,0,0
203,203,1.11518,401.8527043043997,-12.922273416851356,-310.6296628288546,0,0,0,0,0,0,0,0,0,0
204,204,1.1152,402.00344999790497,-12.890586692506156,-310.5130456899052,0,0,0,0,0,0,0,0,0,0
205,205,1.11522,402.1524431179847,-12.917936075894913,-310.3841700275945,0,0,0,0,0,0,0,0,0,0
206,206,1.11524,402.3027833581771,-12.869919777678312,-310.24304092971147,0,0,0,0,0,0,0,0,0,0
207,207,1.11526,402.45098306440656,-12.880189275665288,-310.0896639677962,0,0,0,0,0,0,0,0,0,0
208,208,1.11528,402.5992604828437,-12.881336466420445,-309.92404519690456,0,0,0,0,0,0,0,0,0,0
209,209,1.1153,402.74739801064334,-12.872954889452991,-309.7461911553851,0,0,0,0,0,0,0,0,0,0
210,210,1.11532,402.895168714144,-12.854644046393627,-309.55610886460926,0,0,0,0,0,0,0,0,0,0
211,211,1.11534,403.0423364744559,-12.826009654259227,-309.3538058286987,0,0,0,0,0,0,0,0,0,0
212,212,1.11536,403.1886561388554,-12.786663894877163,-309.1392900342345,0,0,0,0,0,0,0,0,0,0
213,213,1.11538,403.3338736778946,-12.736225660321152,-308.91256994992887,0,0,0,0,0,0,0,0,0,0
214,214,1.1154,403.47772634812566,-12.67432079421283,-308.6736545263068,0,0,0,0,0,0,0,0,0,0
215,215,1.11542,403.6199428603527,-12.600582328745848,-308.4225531953381,0,0,0,0,0,0,0,0,0,0
216,216,1.11544,403.758828744817,-12.581927190531848,-308.15927587007087,0,0,0,0,0,0,0,0,0,0
217,217,1.11546,403.89786328656913,-12.550760008740374,-307.883832944248,0,0,0,0,0,0,0,0,0,0
218,218,1.11548,404.0345587300652,-12.573999920533293,-307.5962352918794,0,0,0,0,0,0,0,0,0,0
219,219,1.1155,404.17158528118273,-12.583981682154649,-307.29649426683324,0,0,0,0,0,0,0,0,0,0
220,220,1.1155199999999998,404.30863280509686,-12.58029730740632,-306.98462170236945,0,0,0,0,0,0,0,0,0,0
221,221,1.11554,404.4453819865182,-12.5625472182712,-306.66062991067975,0,0,0,0,0,0,0,0,0,0
222,222,1.11556,404.5806726407713,-12.59775398041303,-306.32453168241136,0,0,0,0,0,0,0,0,0,0
223,223,1.11558,404.7157748735575,-12.618139293819103,-305.9763402861406,0,0,0,0,0,0,0,0,0,0
224,224,1.1156,404.8518912410783,-12.623313358233789,-305.6160694678739,0,0,0,0,0,0,0,0,0,0
225,225,1.11562,404.9878955103226,-12.612852519655927,-305.24373345047985,0,0,0,0,0,0,0,0,0,0
226,226,1.11564,405.1218098454793,-12.653865803304187,-304.85934693315363,0,0,0,0,0,0,0,0,0,0
227,227,1.11566,405.2564198821895,-12.678505480407152,-304.46292509081337,0,0,0,0,0,0,0,0,0,0
228,228,1.11568,405.3922017442851,-12.618810741652664,-304.0544835735109,0,0,0,0,0,0,0,0,0,0
229,229,1.1157,405.52552772130633,-12.609480094259071,-303.6340385058253,0,0,0,0,0,0,0,0,0,0
230,230,1.11572,405.6583923097661,-12.582608051272228,-303.2016064862004,0,0,0,0,0,0,0,0,0,0
231,231,1.11574,405.79039273219297,-12.537813359606757,-302.7572045863197,0,0,0,0,0,0,0,0,0,0
232,232,1.11576,405.9211178225602,-12.474725549245589,-302.30085035040537,0,0,0,0,0,0,0,0,0,0
233,233,1.11578,406.0501482770092,-12.392985154662645,-301.832561794537,0,0,0,0,0,0,0,0,0,0
234,234,1.1158,406.1756726920252,-12.359923595478095,-301.35235740595334,0,0,0,0,0,0,0,0,0,0
235,235,1.11582,406.29955928111127,-12.375254398650636,-300.86025614228834,0,0,0,0,0,0,0,0,0,0
236,236,1.11584,406.4235223263294,-12.370925584132465,-300.35627743087497,0,0,0,0,0,0,0,0,0,0
237,237,1.11586,406.54711661749855,-12.34654687472984,-299.8404411679257,0,0,0,0,0,0,0,0,0,0
238,238,1.11588,406.6698884948311,-12.301739784188548,-299.3127677177541,0,0,0,0,0,0,0,0,0,0
239,239,1.1159,406.7898000163988,-12.30391862449484,-298.7732779120281,0,0,0,0,0,0,0,0,0,0
240,240,1.11592,406.91023402855245,-12.284984306185285,-298.22199304886686,0,0,0,0,0,0,0,0,0,0
241,241,1.11594,407.0283822174358,-12.312357704325189,-297.65893489206303,0,0,0,0,0,0,0,0,0,0
242,242,1.1159599999999998,407.14684979556097,-12.31788526168988,-297.08412567018354,0,0,0,0,0,0,0,0,0,0
243,243,1.11598,407.2651491193653,-12.301175780191148,-296.4975880757067,0,0,0,0,0,0,0,0,0,0
244,244,1.116,407.38278421863225,-12.26185082839214,-295.8993452641432,0,0,0,0,0,0,0,0,0,0
245,245,1.11602,407.4992510843807,-12.199544954889456,-295.2894208530841,0,0,0,0,0,0,0,0,0,0
246,246,1.11604,407.614037961281,-12.113905894584551,-294.66783892131167,0,0,0,0,0,0,0,0,0,0
247,247,1.11606,407.7246688751711,-12.140470802909713,-294.0346240078051,0,0,0,0,0,0,0,0,0,0
248,248,1.11608,407.8355757892396,-12.143074104472843,-293.38980111081645,0,0,0,0,0,0,0,0,0,0
249,249,1.1161,407.9462316634885,-12.121331227284749,-292.73339568684383,0,0,0,0,0,0,0,0,0,0
250,250,1.11612,408.0561014168596,-12.074871236843162,-292.0654336496433,0,0,0,0,0,0,0,0,0,0
251,251,1.11614,315.4637697314212,-13.159675966088646,-291.3859413692245,0,0,0,0,0,0,0,1,0,1
252,252,1.11616,15.234367616538131,-22.890502470199475,-290.69494567076686,0,0,0,0,0,0,0,1,0,1
253,253,1.11618,0.7332495635093934,-32.56998868482151,-289.99247383361,0,0,0,0,0,0,0,1,0,1
254,254,1.1162,0.0343942973450738,-42.224535561548365,-289.27855359013284,0,0,0,0,0,0,0,1,0,1
255,255,1.11622,0.0016580208903311,-51.855095085556606,-288.55321312467765,0,0,0,0,0,0,0,1,0,1
256,256,1.11624,0.0001332169241265,-61.46128636751336,-287.81648107245724,0,0,0,0,0,0,0,1,0,1
257,257,1.11626,7.104241333837713e-05,-71.04273000156722,-287.068386518378,0,0,0,0,0,0,0,1,0,1
258,258,1.11628,8.059873205704758e-05,-80.5990480043218,-286.30895899594566,0,0,0,0,0,0,0,1,0,1
259,259,1.1162999999999998,9.012954775259032e-05,-90.12986297118614,-285.5382284860517,0,0,0,0,0,0,0,1,0,1
260,260,1.11632,9.963448416545456e-05,-99.63479864264866,-284.75622541580987,0,0,0,0,0,0,0,1,0,1
261,261,1.11634,0.0001091131660577,-109.11347978086816,-283.9629806573765,0,0,0,0,0,0,0,1,0,1
262,262,1.11636,0.0001185652192281,-118.5655321844874,-283.1585255266746,0,0,0,0,0,0,0,1,0,1
263,263,1.11638,0.0001279902705264,-127.99058270340602,-282.3428917822521,0,0,0,0,0,0,0,1,0,1
264,264,1.1164,0.0001373879478685,-137.38825925351156,-281.5161116238881,0,0,0,0,0,0,0,1,0,1
265,265,1.11642,0.0001467578802509,-146.7581908313703,-280.67821769148486,0,0,0,0,0,0,0,1,0,1
266,266,1.11644,0.0001560996977656,-156.10000752887038,-279.8292430636455,0,0,0,0,0,0,0,1,0,1
267,267,1.11646,0.0001654130316141,-165.41334054782868,-278.9692212564266,0,0,0,0,0,0,0,1,0,1
268,268,1.11648,0.0001746975141229,-174.6978222145489,-278.0981862220321,0,0,0,0,0,0,0,1,0,1
269,269,1.1165,0.0001839527787573,-183.953085994336,-277.216172347418,0,0,0,0,0,0,0,1,0,1
270,270,1.11652,0.0001931784601358,-193.17876650596804,-276.3232144529978,0,0,0,0,0,0,0,1,0,1
271,271,1.11654,0.0002023741940453,-202.3744995361189,-275.41934779121215,0,0,0,0,0,0,0,1,0,1
272,272,1.11656,0.0002115396174546,-211.5399220537379,-274.50460804516086,0,0,0,0,0,0,0,1,0,1
273,273,1.11658,0.0002206743685292,-220.67467222438296,-273.5790313272196,0,0,0,0,0,0,0,1,0,1
274,274,1.1166,0.0002297780866455,-229.7783894245018,-272.64265417755536,0,0,0,0,0,0,0,1,0,1
275,275,1.11662,0.0002388504124052,-238.85071425567156,-271.69551356275167,0,0,0,0,0,0,0,1,0,1
276,276,1.11664,0.0002478909876489,-247.89128855878647,-270.73764687428985,0,0,0,0,0,0,0,1,0,1
277,277,1.11666,0.0002568994554712,-256.89975542819616,-269.76909192709786,0,0,0,0,0,0,0,1,0,1
278,278,1.11668,0.0002658754602337,-265.8757592257987,-268.789886958084,0,0,0,0,0,0,0,1,0,1
279,279,1.1167,0.00027481864758,-274.8189455950767,-267.80007062456616,0,0,0,0,0,0,0,1,0,1
280,280,1.11672,0.0002837286644491,-283.7289614750902,-266.7996820028162,0,0,0,0,0,0,0,1,0,1
281,281,1.1167399999999998,0.0002926051590895,-292.60545511441273,-265.7887605864551,0,0,0,0,0,0,0,1,0,1
282,282,1.11676,0.0003014477810731,-301.4480760850181,-264.76734628492005,0,0,0,0,0,0,0,1,0,1
283,283,1.11678,0.0003102561813091,-310.2564752961157,-263.7354794219174,0,0,0,0,0,0,0,1,0,1
284,284,1.1168,0.0003190300120578,-319.0303050079311,-262.69320073376514,0,0,0,0,0,0,0,1,0,1
285,285,1.11682,0.000327768926944,-327.7692188454339,-261.64055136786016,0,0,0,0,0,0,0,1,0,1
286,286,1.11684,0.0003364725809711,-336.47287181201347,-260.57757288097804,0,0,0,0,0,0,0,1,0,1
287,287,1.11686,0.0003451406305344,-345.1409203030981,-259.5043072377085,0,0,0,0,0,0,0,1,0,1
288,288,1.11688,0.000353772733435,-353.773022119719,-258.4207968087318,0,0,0,0,0,0,0,1,0,1
289,289,1.1169,0.0003623685488929,-362.3688364820218,-257.32708436917454,0,0,0,0,0,0,0,1,0,1
290,290,1.11692,0.0003709277375609,-370.9280240427176,-256.2232130969509,0,0,0,0,0,0,0,1,0,1
291,291,1.11694,0.0003794499615375,-379.45024690048064,-255.1092265709784,0,0,0,0,0,0,0,1,0,1
292,292,1.11696,0.0003879348843808,-387.93516861328936,-253.9851687695881,0,0,0,0,0,0,0,1,0,1
293,293,1.11698,0.0003963821711211,-396.3824542117075,-252.85108406861715,0,0,0,0,0,0,0,1,0,1
294,294,1.117,0.0004047914882749,-404.7917702121072,-251.7070172397768,0,0,0,0,0,0,0,1,0,1
295,295,1.11702,0.0004131625038574,-413.1627846298353,-250.553013448908,0,0,0,0,0,0,0,1,0,1
296,296,1.11704,0.000421494887396,-421.49516699232174,-249.3891182540731,0,0,0,0,0,0,0,1,0,1
297,297,1.11706,0.0004297883099432,-429.7885883521205,-248.2153776038828,0,0,0,0,0,0,0,1,0,1
298,298,1.11708,0.0004380424440897,-438.042721299902,-247.03183783559749,0,0,0,0,0,0,0,1,0,1
299,299,1.1171,0.0004462569639772,-446.257239977375,-245.83854567333,0,0,0,0,0,0,0,1,0,1
300,300,1.11712,0.0004544315453111,-454.4318200901512,-244.63554822623308,0,0,0,0,0,0,0,1,0,1
301,301,1.11714,0.0004625658653737,-462.5661389205487,-243.42289298656448,0,0,0,0,0,0,0,1,0,1
302,302,1.11716,0.0004706596030368,-470.659875340332,-242.2006278278985,0,0,0,0,0,0,0,1,0,1
303,303,1.1171799999999998,0.0004787124387742,-478.71270982339047,-240.96880100315985,0,0,0,0,0,0,0,1,0,1
304,304,1.1172,0.0004867240546745,-486.72432445835176,-239.72746114275108,0,0,0,0,0,0,0,1,0,1
305,305,1.11722,0.0004946941344536,-494.6944029611318,-238.4766572526668,0,0,0,0,0,0,0,1,0,1
306,306,1.11724,0.000502622363467,-502.6226306874219,-237.21643871248028,0,0,0,0,0,0,0,1,0,1
307,307,1.11726,0.0005105084287227,-510.5086946451111,-235.94685527348443,0,0,0,0,0,0,0,1,0,1
308,308,1.11728,0.000518352018893,-518.3522835066412,-234.66795705663657,0,0,0,0,0,0,0,1,0,1
309,309,1.1173,0.0005261528243271,-526.1530876212994,-233.3797945506716,0,0,0,0,0,0,0,1,0,1
310,310,1.11732,0.0005339105370634,-533.9107990274389,-232.0824186100281,0,0,0,0,0,0,0,1,0,1
311,311,1.11734,0.0005416248508414,-541.625111464642,-230.7758804528748,0,0,0,0,0,0,0,1,0,1
312,312,1.11736,0.0005492954611139,-549.2957203858066,-229.46023165912467,0,0,0,0,0,0,0,1,0,1
313,313,1.11738,0.0005569220650591,-556.9223229691705,-228.1355241683156,0,0,0,0,0,0,0,1,0,1
314,314,1.1174,0.0005645043615925,-564.5046181302657,-226.80181027765488,0,0,0,0,0,0,0,1,0,1
315,315,1.11742,0.0005720420513788,-572.0423065338077,-225.45914263987143,0,0,0,0,0,0,0,1,0,1
316,316,1.11744,0.0005795348368435,-579.5350906055081,-224.10757426117223,0,0,0,0,0,0,0,1,0,1
317,317,1.11746,0.0005869824221852,-586.9826745438265,-222.7471584991871,0,0,0,0,0,0,0,1,0,1
318,318,1.11748,0.0005943845133867,-594.384764331644,-221.37794906077625,0,0,0,0,0,0,0,1,0,1
319,319,1.1175,0.0006017408182267,-601.7410677478764,-220.0000000000087,0,0,0,0,0,0,0,1,0,1
320,320,1.1175199999999998,0.0006090510462917,-609.0512943790028,-218.6133657159416,0,0,0,0,0,0,0,1,0,1
321,321,1.11754,0.0006163149089873,-616.3151556305362,-217.21810095050927,0,0,0,0,0,0,0,1,0,1
322,322,1.11756,0.0006235321195492,-623.5323647384174,-215.8142607864013,0,0,0,0,0,0,0,1,0,1
323,323,1.11758,0.0006307023930551,-630.7026367803333,-214.401900644785,0,0,0,0,0,0,0,1,0,1
324,324,1.1176,0.0006378254464356,-637.825688686962,-212.98107628327165,0,0,0,0,0,0,0,1,0,1
325,325,1.11762,0.0006449009984855,-644.9012392531594,-211.5518437935357,0,0,0,0,0,0,0,1,0,1
326,326,1.11764,0.0006519287698749,-651.9290091490441,-210.11425959925464,0,0,0,0,0,0,0,1,0,1
327,327,1.11766,0.0006589084831601,-658.9087209310421,-208.6683804537778,0,0,0,0,0,0,0,1,0,1
328,328,1.11768,0.0006658398627948,-665.8400990528256,-207.21426343792507,0,0,0,0,0,0,0,1,0,1
329,329,1.1177,0.0006727226351406,-672.7228698761998,-205.75196595777263,0,0,0,0,0,0,0,1,0,1
330,330,1.11772,0.0006795565284784,-679.5567616819026,-204.2815457422947,0,0,0,0,0,0,0,1,0,1
331,331,1.11774,0.0006863412730183,-686.3415046803285,-202.80306084119024,0,0,0,0,0,0,0,1,0,1
332,332,1.11776,0.0006930766009112,-693.0768310221857,-201.3165696224983,0,0,0,0,0,0,0,1,0,1
333,333,1.11778,0.0006997622462584,-699.7624748090678,-199.8221307703333,0,0,0,0,0,0,0,1,0,1
334,334,1.1178,0.0007063979451229,-706.3981721039492,-198.31980328260937,0,0,0,0,0,0,0,1,0,1
335,335,1.11782,0.0007129834355394,-712.9836609416061,-196.80964646861608,0,0,0,0,0,0,0,1,0,1
336,336,1.11784,0.0007195184575248,-719.5186813389626,-195.291719946786,0,0,0,0,0,0,0,1,0,1
337,337,1.11786,0.0007260027530883,-726.0029753053459,-193.76608364224543,0,0,0,0,0,0,0,1,0,1
338,338,1.11788,0.0007324360662419,-732.4362868526773,-192.2327977844896,0,0,0,0,0,0,0,1,0,1
339,339,1.1179,0.0007388181430099,-738.8183620055729,-190.6919229050463,0,0,0,0,0,0,0,1,0,1
340,340,1.11792,0.0007451487314399,-745.1489488113821,-189.1435198349897,0,0,0,0,0,0,0,1,0,1
341,341,1.11794,0.0007514275816116,-751.4277973501182,-187.58764970264951,0,0,0,0,0,0,0,1,0,1
342,342,1.1179599999999998,0.0007576544456476,-757.6546597443381,-186.0243739311007,0,0,0,0,0,0,0,1,0,1
343,343,1.11798,0.0007638290777227,-763.8292901689197,-184.45375423577968,0,0,0,0,0,0,0,1,0,1
344,344,1.118,0.0007699512340737,-769.9514448607708,-182.87585262209103,0,0,0,0,0,0,0,1,0,1
345,345,1.11802,0.0007760206730091,-776.0208821284511,-181.29073138286017,0,0,0,0,0,0,0,1,0,1
346,346,1.11804,0.0007820371549187,-782.0373623617138,-179.69845309598813,0,0,0,0,0,0,0,1,0,1
347,347,1.11806,0.0007880004422827,-788.0006480409661,-178.09908062186642,0,0,0,0,0,0,0,1,0,1
348,348,1.11808,0.0007939102996816,-793.9105037466453,-176.4926771010108,0,0,0,0,0,0,0,1,0,1
349,349,1.1181,0.000799766493805,-799.7666961685062,-174.87930595146707,0,0,0,0,0,0,0,1,0,1
350,350,1.11812,0.0008055687934611,-805.5689941148481,-173.25903086633645,0,0,0,0,0,0,0,1,0,1
351,351,1.11814,0.0008113169695858,-811.3171685216248,-171.63191581137826,0,0,0,0,0,0,0,1,0,1
352,352,1.11816,0.0008170107952518,-817.0109924614989,-169.99802502222045,0,0,0,0,0,0,0,1,0,1
353,353,1.11818,0.0008226500456773,-822.6502411527943,-168.35742300214764,0,0,0,0,0,0,0,1,0,1
354,354,1.1182,0.0008282344982351,-828.2346919683735,-166.71017451928876,0,0,0,0,0,0,0,1,0,1
355,355,1.11822,0.0008337639324612,-833.7641244444216,-165.0563446041785,0,0,0,0,0,0,0,1,0,1
356,356,1.11824,0.0008392381300639,-839.2383202891592,-163.39599854721996,0,0,0,0,0,0,0,1,0,1
357,357,1.11826,0.0008446568749319,-844.6570633914503,-161.7292018960025,0,0,0,0,0,0,0,1,0,1
358,358,1.11828,0.0008500199531433,-850.0201398293385,-160.05602045283402,0,0,0,0,0,0,0,1,0,1
359,359,1.1182999999999998,0.0008553271529736,-855.327337878496,-158.37652027203796,0,0,0,0,0,0,0,1,0,1
360,360,1.11832,0.0008605782649043,-860.5784480205754,-156.69076765739032,0,0,0,0,0,0,0,1,0,1
361,361,1.11834,0.0008657730816314,-865.77326295148,-154.99882915954842,0,0,0,0,0,0,0,1,0,1
362,362,1.11836,0.0008709113980732,-870.9115775895576,-153.30077157331647,0,0,0,0,0,0,0,1,0,1
363,363,1.11838,0.0008759930113783,-875.9931890836875,-151.59666193513115,0,0,0,0,0,0,0,1,0,1
364,364,1.1183999999999998,0.0008810177209342,-881.0178968212949,-149.88656752030775,0,0,0,0,0,0,0,1,0,1
365,365,1.11842,0.0008859853283747,-885.9855024362641,-148.17055584043007,0,0,0,0,0,0,0,1,0,1
366,366,1.11844,0.0008908956375879,-890.8958098167753,-146.44869464073196,0,0,0,0,0,0,0,1,0,1
367,367,1.11846,0.0008957484547239,-895.7486251130468,-144.72105189731414,0,0,0,0,0,0,0,1,0,1
368,368,1.11848,0.0009005435882026,-900.5437567449834,-142.98769581458524,0,0,0,0,0,0,0,1,0,1
369,369,1.1185,0.0009052808487211,-905.2810154097416,-141.24869482244398,0,0,0,0,0,0,0,1,0,1
370,370,1.11852,0.0009099600492611,-909.9602140892068,-139.5041175737034,0,0,0,0,0,0,0,1,0,1
371,371,1.11854,0.0009145810050966,-914.5811680573707,-137.75403294127037,0,0,0,0,0,0,0,1,0,1
372,372,1.11856,0.0009191435338009,-919.1436948876257,-135.99851001547364,0,0,0,0,0,0,0,1,0,1
373,373,1.11858,0.0009236474552539,-923.6476144599704,-134.23761810138413,0,0,0,0,0,0,0,1,0,1
374,374,1.1186,0.0009280925916493,-928.0927489681162,-132.47142671596768,0,0,0,0,0,0,0,1,0,1
375,375,1.11862,0.0009324787675014,-932.4789229265068,-130.70000558546784,0,0,0,0,0,0,0,1,0,1
376,376,1.11864,0.0009368058096523,-936.8059631772504,-128.92342464254182,0,0,0,0,0,0,0,1,0,1
377,377,1.11866,0.0009410735472785,-941.0736988969496,-127.14175402354704,0,0,0,0,0,0,0,1,0,1
378,378,1.11868,0.0009452818118978,-945.2819616034492,-125.35506406582113,0,0,0,0,0,0,0,1,0,1
379,379,1.1187,0.0009494304373758,-949.430585162488,-123.56342530477572,0,0,0,0,0,0,0,1,0,1
380,380,1.11872,0.0009535192599326,-953.5194057942568,-121.76690847132244,0,0,0,0,0,0,0,1,0,1
381,381,1.1187399999999998,0.0009575481181493,-957.54826207986,-119.96558448880484,0,0,0,0,0,0,0,1,0,1
382,382,1.11876,0.0009615168529742,-961.5169949676948,-118.15952447039297,0,0,0,0,0,0,0,1,0,1
383,383,1.11878,0.0009654253077292,-965.4254477797268,-116.34879971630914,0,0,0,0,0,0,0,1,0,1
384,384,1.1188,0.0009692733281159,-969.2734662176742,-114.53348171081718,0,0,0,0,0,0,0,1,0,1
385,385,1.11882,0.0009730607622218,-973.060898369104,-112.71364211959646,0,0,0,0,0,0,0,1,0,1
386,386,1.11884,0.0009767874605263,-976.787594713424,-110.88935278676504,0,0,0,0,0,0,0,1,0,1
387,387,1.11886,0.0009804532759063,-980.453408127785,-109.06068573217507,0,0,0,0,0,0,0,1,0,1
388,388,1.11888,0.0009840580636427,-984.0581938928968,-107.22771314845426,0,0,0,0,0,0,0,1,0,1
389,389,1.1189,0.0009876016814251,-987.6018096987336,-105.390507398205,0,0,0,0,0,0,0,1,0,1
390,390,1.11892,0.0009910839893585,-991.084115650154,-103.54914101119772,0,0,0,0,0,0,0,1,0,1
391,391,1.11894,0.000994504849968,-994.504974272425,-101.7036866813912,0,0,0,0,0,0,0,1,0,1
392,392,1.11896,0.0009978641282047,-997.864250516651,-99.8542172641958,0,0,0,0,0,0,0,1,0,1
393,393,1.11898,0.0010011616914507,-1001.1618117651022,-98.00080577348064,0,0,0,0,0,0,0,1,0,1
394,394,1.119,0.0010043974095246,-1004.3975278364508,-96.143525378741,0,0,0,0,0,0,0,1,0,1
395,395,1.11902,0.0010075711546866,-1007.5712709909124,-94.28244940226034,0,0,0,0,0,0,0,1,0,1
396,396,1.11904,0.0010106828016433,-1010.6829159352828,-92.4176513160978,0,0,0,0,0,0,0,1,0,1
397,397,1.11906,0.0010137322275531,-1013.7323398278896,-90.5492047393226,0,0,0,0,0,0,0,1,0,1
398,398,1.11908,0.0010167193120306,-1016.7194222834478,-88.67718343498933,0,0,0,0,0,0,0,1,0,1
399,399,1.1191,0.0010196439371514,-1019.6440453777992,-86.8016613072768,0,0,0,0,0,0,0,1,0,1
400,400,1.11912,0.0010225059874573,-1022.5060936525746,-84.92271239862104,0,0,0,0,0,0,0,1,0,1
401,401,1.119138297515003,0.0010225059874573,-1022.5060936525746,-84.92271239862104,0,0,0,0,0,0,0,1,0,1
