Unnamed: 0.1,Unnamed: 0,Time / s,Vo:Measured voltage,IL:Measured current,Vin:Measured voltage,open1_time,open2_time,open3,open4,short1_time,short2_time,short3,short4,OPEN,SHORT
0,0,1.1921443955347666,388.15784,-9.390539,-223.64085,0,0,0,0,0,0,0,0,0,0
1,1,1.19216,388.70352,-8.3101225,-169.43622,0,0,0,0,0,0,0,0,0,0
2,2,1.19218,388.22867,-5.7676053,-194.23737,0,0,0,0,0,0,0,0,0,0
3,3,1.1922,388.26907,-7.1114025,-147.55954,0,0,0,0,0,0,0,0,0,0
4,4,1.1922199999999998,387.0694,-9.174016,-221.00606,0,0,0,0,0,0,0,0,0,0
5,5,1.19224,386.6254,-9.071026,-229.42043,0,0,0,0,0,0,0,0,0,0
6,6,1.19226,388.27875,-9.17369,-184.70546,0,0,0,0,0,0,0,0,0,0
7,7,1.19228,388.99976,-8.527082,-190.50717,0,0,0,0,0,0,0,0,0,0
8,8,1.1923,386.7935,-8.944474,-225.7868,0,0,0,0,0,0,0,0,0,0
9,9,1.19232,387.40054,-9.15457,-164.76889,0,0,0,0,0,0,0,0,0,0
10,10,1.19234,388.3128,-7.4069567,-234.15852,0,0,0,0,0,0,0,0,0,0
11,11,1.19236,387.66577,-8.813048,-236.6751,0,0,0,0,0,0,0,0,0,0
12,12,1.19238,387.75827,-8.871366,-175.665,0,0,0,0,0,0,0,0,0,0
13,13,1.1924,386.70364,-9.089472,-217.33209,0,0,0,0,0,0,0,0,0,0
14,14,1.19242,387.8486,-11.646467,-236.34186,0,0,0,0,0,0,0,0,0,0
15,15,1.19244,387.03467,-9.578554,-217.82063,0,0,0,0,0,0,0,0,0,0
16,16,1.19246,388.16223,-9.177865,-231.28963,0,0,0,0,0,0,0,0,0,0
17,17,1.19248,387.74536,-9.792432,-180.14758,0,0,0,0,0,0,0,0,0,0
18,18,1.1925,389.4094,-7.2380514,-230.4511,0,0,0,0,0,0,0,0,0,0
19,19,1.19252,387.6232,-10.615231,-250.24,0,0,0,0,0,0,0,0,0,0
20,20,1.19254,386.99997,-10.051467,-201.81036,0,0,0,0,0,0,0,0,0,0
21,21,1.1925599999999998,388.174,-9.353027,-224.91786,0,0,0,0,0,0,0,0,0,0
22,22,1.19258,388.1783,-9.31815,-203.8923,0,0,0,0,0,0,0,0,0,0
23,23,1.1926,386.393,-10.799124,-249.40201,0,0,0,0,0,0,0,0,0,0
24,24,1.19262,387.90454,-9.943481,-258.57095,0,0,0,0,0,0,0,0,0,0
25,25,1.19264,388.24167,-8.947721,-257.8175,0,0,0,0,0,0,0,0,0,0
26,26,1.19266,390.17282,-10.651236,-218.81229,0,0,0,0,0,0,0,0,0,0
27,27,1.19268,389.17398,-9.730592,-220.9036,0,0,0,0,0,0,0,0,0,0
28,28,1.1927,387.2195,-8.148535,-273.7743,0,0,0,0,0,0,0,0,0,0
29,29,1.19272,388.57596,-7.100408,-231.88734,0,0,0,0,0,0,0,0,0,0
30,30,1.19274,389.60907,-11.477857,-208.03688,0,0,0,0,0,0,0,0,0,0
31,31,1.19276,388.61093,-9.950904,-205.1382,0,0,0,0,0,0,0,0,0,0
32,32,1.19278,387.32617,-9.549511,-302.01422,0,0,0,0,0,0,0,0,0,0
33,33,1.1928,388.38412,-9.403691,-233.76413,0,0,0,0,0,0,0,0,0,0
34,34,1.19282,387.5425,-9.237007,-266.52313,0,0,0,0,0,0,0,0,0,0
35,35,1.19284,387.6184,-10.675451,-284.44144,0,0,0,0,0,0,0,0,0,0
36,36,1.19286,388.6196,-10.165638,-252.9846,0,0,0,0,0,0,0,0,0,0
37,37,1.19288,388.27618,-8.425065,-226.1621,0,0,0,0,0,0,0,0,0,0
38,38,1.1928999999999998,388.97736,-11.879696,-263.3455,0,0,0,0,0,0,0,0,0,0
39,39,1.19292,387.95355,-9.776211,-233.70958,0,0,0,0,0,0,0,0,0,0
40,40,1.19294,389.8097,-9.930865,-231.0787,0,0,0,0,0,0,0,0,0,0
41,41,1.19296,386.93863,-10.186515,-241.18138,0,0,0,0,0,0,0,0,0,0
42,42,1.19298,389.68652,-8.963416,-263.2946,0,0,0,0,0,0,0,0,0,0
43,43,1.1929999999999998,389.25345,-11.011111,-288.80063,0,0,0,0,0,0,0,0,0,0
44,44,1.19302,390.0334,-7.757656,-255.489,0,0,0,0,0,0,0,0,0,0
45,45,1.19304,389.32492,-11.525969,-279.6174,0,0,0,0,0,0,0,0,0,0
46,46,1.19306,388.47083,-9.279263,-207.72844,0,0,0,0,0,0,0,0,0,0
47,47,1.19308,388.72034,-12.143307,-244.75989,0,0,0,0,0,0,0,0,0,0
48,48,1.1931,390.2003,-9.2550745,-285.18073,0,0,0,0,0,0,0,0,0,0
49,49,1.19312,388.14197,-11.737743,-277.07788,0,0,0,0,0,0,0,0,0,0
50,50,1.19314,388.65732,-7.588512,-241.20709,0,0,0,0,0,0,0,0,0,0
51,51,1.19316,386.8205,-10.24947,-260.59827,0,0,0,0,0,0,0,0,0,0
52,52,1.19318,386.34668,-9.32386,-244.46306,0,0,0,0,0,0,0,0,0,0
53,53,1.1932,388.78522,-10.986559,-271.09583,0,0,0,0,0,0,0,0,0,0
54,54,1.19322,392.05023,-10.154172,-204.00082,0,0,0,0,0,0,0,0,0,0
55,55,1.19324,390.2033,-11.368027,-188.647,0,0,0,0,0,0,0,0,0,0
56,56,1.19326,388.68307,-10.128192,-262.1822,0,0,0,0,0,0,0,0,0,0
57,57,1.19328,389.42438,-10.725174,-300.78162,0,0,0,0,0,0,0,0,0,0
58,58,1.1933,390.313,-10.982919,-286.18167,0,0,0,0,0,0,0,0,0,0
59,59,1.19332,391.4775,-10.405148,-291.48053,0,0,0,0,0,0,0,0,0,0
60,60,1.1933399999999998,390.197,-10.794579,-262.06836,0,0,0,0,0,0,0,0,0,0
61,61,1.19336,389.85608,-10.738679,-281.29434,0,0,0,0,0,0,0,0,0,0
62,62,1.19338,388.7935,-10.237153,-277.2765,0,0,0,0,0,0,0,0,0,0
63,63,1.1934,390.89404,-11.082375,-255.97873,0,0,0,0,0,0,0,0,0,0
64,64,1.19342,390.76273,-11.090122,-291.0021,0,0,0,0,0,0,0,0,0,0
65,65,1.19344,390.66,-9.291433,-318.28067,0,0,0,0,0,0,0,0,0,0
66,66,1.19346,390.61343,-12.190479,-286.0933,0,0,0,0,0,0,0,0,0,0
67,67,1.19348,389.9364,-10.980943,-333.58124,0,0,0,0,0,0,0,0,0,0
68,68,1.1935,390.5164,-12.835361,-305.0158,0,0,0,0,0,0,0,0,0,0
69,69,1.19352,391.9189,-9.897551,-246.37529,0,0,0,0,0,0,0,0,0,0
70,70,1.19354,391.74576,-9.750536,-306.42218,0,0,0,0,0,0,0,0,0,0
71,71,1.19356,390.99246,-12.039396,-273.3677,0,0,0,0,0,0,0,0,0,0
72,72,1.19358,389.91907,-10.037183,-300.04758,0,0,0,0,0,0,0,0,0,0
73,73,1.1936,392.37094,-12.043964,-238.95715,0,0,0,0,0,0,0,0,0,0
74,74,1.19362,391.4753,-11.029833,-296.7587,0,0,0,0,0,0,0,0,0,0
75,75,1.19364,390.23962,-10.903937,-286.0055,0,0,0,0,0,0,0,0,0,0
76,76,1.19366,391.0156,-14.800693,-250.85559,0,0,0,0,0,0,0,0,0,0
77,77,1.19368,389.31677,-11.957848,-273.20776,0,0,0,0,0,0,0,0,0,0
78,78,1.1937,391.02228,-9.905628,-353.58972,0,0,0,0,0,0,0,0,0,0
79,79,1.19372,390.95517,-11.890382,-270.86584,0,0,0,0,0,0,0,0,0,0
80,80,1.19374,391.12054,-10.563701,-236.61517,0,0,0,0,0,0,0,0,0,0
81,81,1.19376,391.57996,-11.584529,-263.97476,0,0,0,0,0,0,0,0,0,0
82,82,1.1937799999999998,392.4632,-11.763018,-318.79614,0,0,0,0,0,0,0,0,0,0
83,83,1.1938,390.84903,-10.967247,-301.55942,0,0,0,0,0,0,0,0,0,0
84,84,1.19382,392.64963,-12.775927,-268.68118,0,0,0,0,0,0,0,0,0,0
85,85,1.19384,394.02863,-11.936747,-252.7279,0,0,0,0,0,0,0,0,0,0
86,86,1.19386,391.6204,-12.664964,-257.52545,0,0,0,0,0,0,0,0,0,0
87,87,1.19388,393.81073,-11.684245,-282.8536,0,0,0,0,0,0,0,0,0,0
88,88,1.1939,391.0704,-10.654604,-296.43802,0,0,0,0,0,0,0,0,0,0
89,89,1.19392,395.50098,-13.221175,-303.44836,0,0,0,0,0,0,0,0,0,0
90,90,1.19394,394.1909,-10.72282,-282.94748,0,0,0,0,0,0,0,0,0,0
91,91,1.19396,392.61945,-12.980443,-288.3779,0,0,0,0,0,0,0,0,0,0
92,92,1.19398,393.34137,-11.396583,-314.12994,0,0,0,0,0,0,0,0,0,0
93,93,1.194,391.34738,-10.764236,-306.82687,0,0,0,0,0,0,0,0,0,0
94,94,1.19402,392.04535,-12.683102,-254.75522,0,0,0,0,0,0,0,0,0,0
95,95,1.19404,393.56836,-12.41727,-284.4443,0,0,0,0,0,0,0,0,0,0
96,96,1.19406,393.28336,-13.006811,-311.28745,0,0,0,0,0,0,0,0,0,0
97,97,1.19408,395.49298,-11.120905,-290.53372,0,0,0,0,0,0,0,0,0,0
98,98,1.1941,393.31058,-11.247994,-325.68384,0,0,0,0,0,0,0,0,0,0
99,99,1.1941199999999998,395.29416,-12.337536,-267.20663,0,0,0,0,0,0,0,0,0,0
100,100,1.19414,393.8557,-11.515928,-269.63177,0,0,0,0,0,0,0,0,0,0
101,101,1.19416,394.6148,-13.209842,-279.66348,0,0,0,0,0,0,0,0,0,0
102,102,1.19418,392.6987,-12.748043,-264.26013,0,0,0,0,0,0,0,0,0,0
103,103,1.1942,392.76328,-14.002132,-303.86435,0,0,0,0,0,0,0,0,0,0
104,104,1.1942199999999998,394.82434,-12.01908,-251.25916,0,0,0,0,0,0,0,0,0,0
105,105,1.19424,393.49948,-11.761962,-329.65283,0,0,0,0,0,0,0,0,0,0
106,106,1.19426,394.9183,-12.499135,-293.60208,0,0,0,0,0,0,0,0,0,0
107,107,1.19428,397.02435,-11.923059,-269.23013,0,0,0,0,0,0,0,0,0,0
108,108,1.1943,394.22168,-11.942793,-334.07446,0,0,0,0,0,0,0,0,0,0
109,109,1.19432,393.7262,-12.83404,-323.03604,0,0,0,0,0,0,0,0,0,0
110,110,1.19434,396.61105,-11.660666,-290.22397,0,0,0,0,0,0,0,0,0,0
111,111,1.19436,396.22452,-10.464,-315.3914,0,0,0,0,0,0,0,0,0,0
112,112,1.19438,396.87268,-12.429598,-305.47388,0,0,0,0,0,0,0,0,0,0
113,113,1.1944,394.55414,-10.50703,-299.3197,0,0,0,0,0,0,0,0,0,0
114,114,1.19442,394.45593,-13.486291,-298.36636,0,0,0,0,0,0,0,0,0,0
115,115,1.19444,395.85825,-11.262968,-261.75348,0,0,0,0,0,0,0,0,0,0
116,116,1.19446,395.447,-11.9235115,-341.09244,0,0,0,0,0,0,0,0,0,0
117,117,1.19448,396.843,-10.491879,-298.92822,0,0,0,0,0,0,0,0,0,0
118,118,1.1945,398.2636,-12.169739,-280.9598,0,0,0,0,0,0,0,0,0,0
119,119,1.19452,395.9192,-13.029905,-270.9114,0,0,0,0,0,0,0,0,0,0
120,120,1.19454,396.89307,-12.942554,-306.594,0,0,0,0,0,0,0,0,0,0
121,121,1.1945599999999998,397.73358,-12.181459,-314.42264,0,0,0,0,0,0,0,0,0,0
122,122,1.19458,398.94382,-12.836942,-339.20105,0,0,0,0,0,0,0,0,0,0
123,123,1.1946,397.82388,-12.730399,-295.4539,0,0,0,0,0,0,0,0,0,0
124,124,1.19462,395.93997,-13.947654,-348.16403,0,0,0,0,0,0,0,0,0,0
125,125,1.19464,397.11835,-12.916429,-307.3137,0,0,0,0,0,0,0,0,0,0
126,126,1.19466,399.23145,-14.453617,-297.679,0,0,0,0,0,0,0,0,0,0
127,127,1.19468,396.88364,-12.817245,-360.86694,0,0,0,0,0,0,0,0,0,0
128,128,1.1947,396.19263,-14.229909,-276.63,0,0,0,0,0,0,0,0,0,0
129,129,1.19472,397.13586,-12.50788,-274.17795,0,0,0,0,0,0,0,0,0,0
130,130,1.19474,400.24554,-12.753154,-322.42242,0,0,0,0,0,0,0,0,0,0
131,131,1.19476,396.47256,-13.934816,-313.07162,0,0,0,0,0,0,0,0,0,0
132,132,1.19478,399.9653,-11.254877,-313.39487,0,0,0,0,0,0,0,0,0,0
133,133,1.1948,398.76736,-11.455415,-319.85056,0,0,0,0,0,0,0,0,0,0
134,134,1.19482,398.54242,-11.382773,-311.8037,0,0,0,0,0,0,0,0,0,0
135,135,1.19484,399.83566,-14.468461,-343.78745,0,0,0,0,0,0,0,0,0,0
136,136,1.19486,399.53052,-13.856363,-279.00473,0,0,0,0,0,0,0,0,0,0
137,137,1.19488,398.21982,-11.672679,-281.50858,0,0,0,0,0,0,0,0,0,0
138,138,1.1949,400.14447,-12.605817,-335.51044,0,0,0,0,0,0,0,0,0,0
139,139,1.19492,400.71765,-13.035835,-344.8378,0,0,0,0,0,0,0,0,0,0
140,140,1.19494,400.00174,-14.081892,-304.5056,0,0,0,0,0,0,0,0,0,0
141,141,1.19496,398.9804,-13.608387,-298.229,0,0,0,0,0,0,0,0,0,0
142,142,1.19498,401.02036,-13.522818,-320.9264,0,0,0,0,0,0,0,0,0,0
143,143,1.1949999999999998,401.53122,-11.901758,-309.72656,0,0,0,0,0,0,0,0,0,0
144,144,1.19502,401.12207,-11.285608,-286.47763,0,0,0,0,0,0,0,0,0,0
145,145,1.19504,402.14398,-13.928537,-339.25415,0,0,0,0,0,0,0,0,0,0
146,146,1.19506,400.36996,-12.554629,-313.52045,0,0,0,0,0,0,0,0,0,0
147,147,1.19508,402.3092,-11.71833,-272.72067,0,0,0,0,0,0,0,0,0,0
148,148,1.1951,398.29175,-12.603629,-281.8231,0,0,0,0,0,0,0,0,0,0
149,149,1.19512,400.80273,-12.815071,-315.5083,0,0,0,0,0,0,0,0,0,0
150,150,1.19514,400.983,-12.421598,-299.24286,0,0,0,0,0,0,0,0,0,0
151,151,1.19516,402.45657,-12.559017,-217.82361,0,0,0,0,0,0,0,0,0,0
152,152,1.19518,401.90323,-13.376355,-349.87723,0,0,0,0,0,0,0,0,0,0
153,153,1.1952,402.3816,-12.163068,-272.17297,0,0,0,0,0,0,0,0,0,0
154,154,1.19522,401.48303,-12.325545,-296.8554,0,0,0,0,0,0,0,0,0,0
155,155,1.19524,403.31238,-15.297604,-310.30035,0,0,0,0,0,0,0,0,0,0
156,156,1.19526,401.79007,-10.539266,-312.49286,0,0,0,0,0,0,0,0,0,0
157,157,1.19528,401.8779,-11.768254,-303.0964,0,0,0,0,0,0,0,0,0,0
158,158,1.1953,404.5162,-12.775518,-292.71182,0,0,0,0,0,0,0,0,0,0
159,159,1.19532,401.44418,-13.08031,-328.20184,0,0,0,0,0,0,0,0,0,0
160,160,1.1953399999999998,404.60504,-12.436945,-303.82843,0,0,0,0,0,0,0,0,0,0
161,161,1.19536,402.94238,-14.148578,-306.2878,0,0,0,0,0,0,0,0,0,0
162,162,1.19538,402.94382,-14.692871,-308.9559,0,0,0,0,0,0,0,0,0,0
163,163,1.1954,401.98398,-11.468836,-321.49384,0,0,0,0,0,0,0,0,0,0
164,164,1.19542,402.83954,-11.981718,-310.74515,0,0,0,0,0,0,0,0,0,0
165,165,1.1954399999999998,402.6617,-15.177435,-354.1537,0,0,0,0,0,0,0,0,0,0
166,166,1.19546,404.54062,-10.233257,-315.7862,0,0,0,0,0,0,0,0,0,0
167,167,1.19548,402.28793,-11.767486,-344.3778,0,0,0,0,0,0,0,0,0,0
168,168,1.1955,404.16013,-10.954169,-291.06134,0,0,0,0,0,0,0,0,0,0
169,169,1.19552,402.59656,-13.139518,-301.91333,0,0,0,0,0,0,0,0,0,0
170,170,1.19554,403.84476,-13.573761,-327.87585,0,0,0,0,0,0,0,0,0,0
171,171,1.19556,406.0447,-12.492432,-352.9116,0,0,0,0,0,0,0,0,0,0
172,172,1.19558,403.48926,-13.720719,-352.6825,0,0,0,0,0,0,0,0,0,0
173,173,1.1956,405.94266,-12.892276,-302.19418,0,0,0,0,0,0,0,0,0,0
174,174,1.19562,405.80496,-12.0653,-307.35736,0,0,0,0,0,0,0,0,0,0
175,175,1.19564,404.2405,-11.285738,-308.8122,0,0,0,0,0,0,0,0,0,0
176,176,1.19566,404.1217,-11.6744,-362.0144,0,0,0,0,0,0,0,0,0,0
177,177,1.19568,405.4117,-12.462266,-212.27878,0,0,0,0,0,0,0,0,0,0
178,178,1.1957,406.38538,-12.782258,-332.3211,0,0,0,0,0,0,0,0,0,0
179,179,1.19572,406.42267,-13.01603,-274.98117,0,0,0,0,0,0,0,0,0,0
180,180,1.19574,404.95932,-12.495304,-289.14658,0,0,0,0,0,0,0,0,0,0
181,181,1.19576,405.84647,-14.11625,-278.6596,0,0,0,0,0,0,0,0,0,0
182,182,1.1957799999999998,404.11154,-11.638549,-318.7306,0,0,0,0,0,0,0,0,0,0
183,183,1.1958,405.64795,-12.387385,-256.47864,0,0,0,0,0,0,0,0,0,0
184,184,1.19582,407.04193,-14.081196,-298.73682,0,0,0,0,0,0,0,0,0,0
185,185,1.19584,406.79596,-13.673686,-301.41397,0,0,0,0,0,0,0,0,0,0
186,186,1.19586,405.52014,-14.255019,-274.4307,0,0,0,0,0,0,0,0,0,0
187,187,1.19588,407.2527,-12.455872,-302.2146,0,0,0,0,0,0,0,0,0,0
188,188,1.1959,407.34686,-10.933903,-314.65555,0,0,0,0,0,0,0,0,0,0
189,189,1.19592,405.3833,-11.689748,-346.0505,0,0,0,0,0,0,0,0,0,0
190,190,1.19594,406.4953,-13.089737,-335.25412,0,0,0,0,0,0,0,0,0,0
191,191,1.19596,408.28656,-13.809756,-260.78165,0,0,0,0,0,0,0,0,0,0
192,192,1.19598,407.28128,-10.449238,-265.34662,0,0,0,0,0,0,0,0,0,0
193,193,1.196,407.66287,-12.924791,-296.08734,0,0,0,0,0,0,0,0,0,0
194,194,1.19602,407.04965,-12.310283,-308.61795,0,0,0,0,0,0,0,0,0,0
195,195,1.19604,408.09216,-13.843353,-300.39963,0,0,0,0,0,0,0,0,0,0
196,196,1.19606,409.632,-11.022904,-302.77115,0,0,0,0,0,0,0,0,0,0
197,197,1.19608,410.25128,-12.21469,-271.7263,0,0,0,0,0,0,0,0,0,0
198,198,1.1961,406.4205,-12.858572,-250.62427,0,0,0,0,0,0,0,0,0,0
199,199,1.19612,409.23343,-13.665419,-311.50812,0,0,0,0,0,0,0,0,0,0
200,200,1.19614,407.4479,-10.542817,-263.87534,0,0,0,0,0,0,0,0,0,0
201,201,1.19616,407.91895,-11.264169,-343.75107,0,0,0,0,0,0,0,0,0,0
202,202,1.19618,406.69025,-11.750811,-300.741,0,0,0,0,0,0,0,0,0,0
203,203,1.1962,409.31873,-10.870927,-277.28674,0,0,0,0,0,0,0,0,0,0
204,204,1.1962199999999998,407.98813,-13.036881,-231.02432,0,0,0,0,0,0,0,0,0,0
205,205,1.19624,408.07657,-8.707804,-336.40747,0,0,0,0,0,0,0,0,0,0
206,206,1.19626,408.94675,-13.423022,-260.03006,0,0,0,0,0,0,0,0,0,0
207,207,1.19628,408.66595,-13.542478,-302.43268,0,0,0,0,0,0,0,0,0,0
208,208,1.1963,409.5099,-13.289158,-303.53998,0,0,0,0,0,0,0,0,0,0
209,209,1.19632,407.7127,-11.126669,-274.91476,0,0,0,0,0,0,0,0,0,0
210,210,1.19634,408.2255,-12.308419,-293.22833,0,0,0,0,0,0,0,0,0,0
211,211,1.19636,407.06204,-11.1779175,-238.09929,0,0,0,0,0,0,0,0,0,0
212,212,1.19638,406.83575,-13.910853,-261.42822,0,0,0,0,0,0,0,0,0,0
213,213,1.1964,408.7964,-11.022823,-235.7098,0,0,0,0,0,0,0,0,0,0
214,214,1.19642,409.65814,-8.89936,-236.49545,0,0,0,0,0,0,0,0,0,0
215,215,1.19644,409.5705,-11.67588,-236.1679,0,0,0,0,0,0,0,0,0,0
216,216,1.19646,409.92908,-10.948701,-287.9561,0,0,0,0,0,0,0,0,0,0
217,217,1.19648,409.6361,-13.09867,-245.124,0,0,0,0,0,0,0,0,0,0
218,218,1.1965,411.67688,-11.2754135,-257.4499,0,0,0,0,0,0,0,0,0,0
219,219,1.19652,410.14633,-11.708217,-319.21722,0,0,0,0,0,0,0,0,0,0
220,220,1.19654,408.33325,-12.295833,-280.6814,0,0,0,0,0,0,0,0,0,0
221,221,1.1965599999999998,411.56525,-11.455787,-262.4148,0,0,0,0,0,0,0,0,0,0
222,222,1.19658,409.5935,-11.359609,-290.07025,0,0,0,0,0,0,0,0,0,0
223,223,1.1966,409.75702,-8.161371,-278.0924,0,0,0,0,0,0,0,0,0,0
224,224,1.19662,411.34583,-11.695837,-250.29552,0,0,0,0,0,0,0,0,0,0
225,225,1.19664,409.65173,-13.204435,-293.18103,0,0,0,0,0,0,0,0,0,0
226,226,1.1966599999999998,408.6003,-11.455898,-259.29337,0,0,0,0,0,0,0,0,0,0
227,227,1.19668,410.08923,-10.435493,-242.63248,0,0,0,0,0,0,0,0,0,0
228,228,1.1967,411.31815,-12.3820095,-246.76334,0,0,0,0,0,0,0,0,0,0
229,229,1.19672,410.25983,-10.172458,-255.55457,0,0,0,0,0,0,0,0,0,0
230,230,1.19674,412.03918,-12.751814,-336.50613,0,0,0,0,0,0,0,0,0,0
231,231,1.19676,413.37537,-11.275269,-247.77902,0,0,0,0,0,0,0,0,0,0
232,232,1.19678,411.71097,-12.024923,-215.7186,0,0,0,0,0,0,0,0,0,0
233,233,1.1968,410.15115,-12.477287,-252.3717,0,0,0,0,0,0,0,0,0,0
234,234,1.19682,412.78497,-10.8409605,-251.50053,0,0,0,0,0,0,0,0,0,0
235,235,1.19684,412.51608,-10.151611,-276.48767,0,0,0,0,0,0,0,0,0,0
236,236,1.19686,409.19846,-9.590445,-267.36542,0,0,0,0,0,0,0,0,0,0
237,237,1.19688,410.42877,-10.572473,-257.13095,0,0,0,0,0,0,0,0,0,0
238,238,1.1969,410.42432,-9.650858,-252.2231,0,0,0,0,0,0,0,0,0,0
239,239,1.19692,411.54584,-11.910377,-234.64116,0,0,0,0,0,0,0,0,0,0
240,240,1.19694,411.53238,-10.486462,-299.00378,0,0,0,0,0,0,0,0,0,0
241,241,1.19696,412.66623,-10.874518,-213.78795,0,0,0,0,0,0,0,0,0,0
242,242,1.19698,412.4636,-11.38568,-207.19264,0,0,0,0,0,0,0,0,0,0
243,243,1.1969999999999998,411.84824,-8.958545,-256.85403,0,0,0,0,0,0,0,0,0,0
244,244,1.19702,412.03903,-11.958644,-232.53062,0,0,0,0,0,0,0,0,0,0
245,245,1.19704,411.72864,-10.693772,-213.67688,0,0,0,0,0,0,0,0,0,0
246,246,1.19706,411.74493,-8.393284,-231.27034,0,0,0,0,0,0,0,0,0,0
247,247,1.19708,408.80212,-9.755138,-259.66187,0,0,0,0,0,0,0,0,0,0
248,248,1.1971,411.39172,-9.578177,-206.34822,0,0,0,0,0,0,0,0,0,0
249,249,1.19712,411.9823,-10.567653,-246.33922,0,0,0,0,0,0,0,0,0,0
250,250,1.19714,409.40775,-9.408447,-220.30656,0,0,0,0,0,0,0,0,0,0
251,251,1.19716,56.988132,-18.97086,-259.8471,0,0,0,0,1,0,0,0,0,1
252,252,1.19718,1.2405597,-24.200136,-233.45927,0,0,0,0,1,0,0,0,0,1
253,253,1.1972,-0.52762854,-33.630203,-252.501,0,0,0,0,1,0,0,0,0,1
254,254,1.19722,-0.45508447,-38.836727,-232.83247,0,0,0,0,1,0,0,0,0,1
255,255,1.19724,-0.27404788,-48.126575,-254.64835,0,0,0,0,1,0,0,0,0,1
256,256,1.19726,0.89133424,-54.98212,-248.80267,0,0,0,0,1,0,0,0,0,1
257,257,1.19728,-0.6220524,-63.130814,-239.25148,0,0,0,0,1,0,0,0,0,1
258,258,1.1973,1.0098282,-70.71095,-256.84143,0,0,0,0,1,0,0,0,0,1
259,259,1.19732,0.51641226,-82.691605,-233.2497,0,0,0,0,1,0,0,0,0,1
260,260,1.1973399999999998,-1.3763674,-86.97559,-248.90523,0,0,0,0,1,0,0,0,0,1
261,261,1.19736,1.0847406,-93.28068,-226.3053,0,0,0,0,1,0,0,0,0,1
262,262,1.19738,-1.8375325,-101.815956,-201.8967,0,0,0,0,1,0,0,0,0,1
263,263,1.1974,-1.1174574,-110.52646,-208.14845,0,0,0,0,1,0,0,0,0,1
264,264,1.19742,1.6657826,-117.694336,-214.4001,0,0,0,0,1,0,0,0,0,1
265,265,1.1974399999999998,-0.9313962,-123.11103,-161.30968,0,0,0,0,1,0,0,0,0,1
266,266,1.19746,-2.1279025,-132.02689,-255.18608,0,0,0,0,1,0,0,0,0,1
267,267,1.19748,-0.83465064,-140.71986,-215.9359,0,0,0,0,1,0,0,0,0,1
268,268,1.1975,0.71568894,-147.65366,-193.17493,0,0,0,0,1,0,0,0,0,1
269,269,1.19752,-0.15025617,-156.85411,-208.38544,0,0,0,0,1,0,0,0,0,1
270,270,1.19754,-0.4935992,-163.18057,-182.91763,0,0,0,0,1,0,0,0,0,1
271,271,1.19756,-2.2825456,-169.04181,-200.4743,0,0,0,0,1,0,0,0,0,1
272,272,1.19758,0.17928459,-174.71509,-193.25555,0,0,0,0,1,0,0,0,0,1
273,273,1.1976,0.41750672,-182.71071,-162.114,0,0,0,0,1,0,0,0,0,1
274,274,1.19762,0.9128653,-190.71198,-199.23685,0,0,0,0,1,0,0,0,0,1
275,275,1.19764,0.50750196,-197.2693,-182.03607,0,0,0,0,1,0,0,0,0,1
276,276,1.19766,-2.3459857,-203.27367,-250.96152,0,0,0,0,1,0,0,0,0,1
277,277,1.19768,0.10887482,-210.71445,-209.09836,0,0,0,0,1,0,0,0,0,1
278,278,1.1977,-0.600122,-216.84004,-216.19907,0,0,0,0,1,0,0,0,0,1
279,279,1.19772,0.3285382,-225.36414,-261.9149,0,0,0,0,1,0,0,0,0,1
280,280,1.19774,-0.8845303,-232.16614,-176.00853,0,0,0,0,1,0,0,0,0,1
281,281,1.19776,-0.26115888,-239.03685,-281.6838,0,0,0,0,1,0,0,0,0,1
282,282,1.1977799999999998,0.28376132,-243.49411,-137.13168,0,0,0,0,1,0,0,0,0,1
283,283,1.1978,0.84096944,-254.16437,-188.83348,0,0,0,0,1,0,0,0,0,1
284,284,1.19782,-1.9326943,-256.2422,-179.01808,0,0,0,0,1,0,0,0,0,1
285,285,1.19784,-0.09227885,-264.6646,-184.75319,0,0,0,0,1,0,0,0,0,1
286,286,1.19786,0.54579204,-271.315,-172.41946,0,0,0,0,1,0,0,0,0,1
287,287,1.19788,0.90748024,-279.52325,-260.5203,0,0,0,0,1,0,0,0,0,1
288,288,1.1979,1.9860268,-284.29416,-170.59415,0,0,0,0,1,0,0,0,0,1
289,289,1.19792,0.25555184,-289.76016,-202.68315,0,0,0,0,1,0,0,0,0,1
290,290,1.19794,0.87846696,-296.6932,-193.81857,0,0,0,0,1,0,0,0,0,1
291,291,1.19796,0.042928386,-301.81396,-185.72324,0,0,0,0,1,0,0,0,0,1
292,292,1.19798,-1.1842003,-309.1228,-185.051,0,0,0,0,1,0,0,0,0,1
293,293,1.198,1.9325747,-317.26495,-207.19075,0,0,0,0,1,0,0,0,0,1
294,294,1.19802,-0.7924785,-320.55032,-130.2798,0,0,0,0,1,0,0,0,0,1
295,295,1.19804,0.98861134,-328.22324,-195.35156,0,0,0,0,1,0,0,0,0,1
296,296,1.19806,-1.1848242,-333.7448,-174.82504,0,0,0,0,1,0,0,0,0,1
297,297,1.19808,-0.35124433,-341.80344,-210.23575,0,0,0,0,1,0,0,0,0,1
298,298,1.1981,-0.02656705,-347.4942,-155.34897,0,0,0,0,1,0,0,0,0,1
299,299,1.19812,1.3169699,-350.0125,-197.25143,0,0,0,0,1,0,0,0,0,1
300,300,1.19814,-0.8758485,-356.25943,-186.45448,0,0,0,0,1,0,0,0,0,1
301,301,1.19816,-0.5406153,-361.97916,-157.12537,0,0,0,0,1,0,0,0,0,1
302,302,1.19818,0.51669407,-367.9211,-206.84657,0,0,0,0,1,0,0,0,0,1
303,303,1.1982,0.32610604,-372.76813,-146.88303,0,0,0,0,1,0,0,0,0,1
304,304,1.1982199999999998,0.27145416,-379.83664,-141.37112,0,0,0,0,1,0,0,0,0,1
305,305,1.19824,0.14572254,-384.39212,-141.72034,0,0,0,0,1,0,0,0,0,1
306,306,1.19826,-0.9389228,-391.7733,-170.74419,0,0,0,0,1,0,0,0,0,1
307,307,1.19828,1.3979226,-395.09805,-127.3358,0,0,0,0,1,0,0,0,0,1
308,308,1.1983,-1.4597932,-401.47168,-154.87337,0,0,0,0,1,0,0,0,0,1
309,309,1.19832,0.604038,-404.502,-197.12367,0,0,0,0,1,0,0,0,0,1
310,310,1.19834,-0.26958573,-409.26266,-160.03235,0,0,0,0,1,0,0,0,0,1
311,311,1.19836,1.1452502,-418.6175,-118.46326,0,0,0,0,1,0,0,0,0,1
312,312,1.19838,0.30163944,-421.8921,-133.44211,0,0,0,0,1,0,0,0,0,1
313,313,1.1984,0.03541045,-424.14,-96.838326,0,0,0,0,1,0,0,0,0,1
314,314,1.19842,0.46186903,-430.91763,-171.80717,0,0,0,0,1,0,0,0,0,1
315,315,1.19844,0.2875172,-435.40677,-185.77179,0,0,0,0,1,0,0,0,0,1
316,316,1.19846,0.8970314,-439.3914,-125.1473,0,0,0,0,1,0,0,0,0,1
317,317,1.19848,-0.20993148,-445.65918,-117.90408,0,0,0,0,1,0,0,0,0,1
318,318,1.1985,-0.2719468,-449.25674,-114.22945,0,0,0,0,1,0,0,0,0,1
319,319,1.19852,0.48477244,-454.6875,-135.7157,0,0,0,0,1,0,0,0,0,1
320,320,1.19854,1.568987,-457.6512,-139.15868,0,0,0,0,1,0,0,0,0,1
321,321,1.1985599999999998,0.49726897,-466.77017,-127.08707,0,0,0,0,1,0,0,0,0,1
322,322,1.19858,0.12477624,-469.19165,-109.72512,0,0,0,0,1,0,0,0,0,1
323,323,1.1986,-0.2699452,-474.09393,-133.74567,0,0,0,0,1,0,0,0,0,1
324,324,1.19862,0.20971611,-477.5955,-131.55779,0,0,0,0,1,0,0,0,0,1
325,325,1.19864,2.3792346,-482.71887,-146.99773,0,0,0,0,1,0,0,0,0,1
326,326,1.1986599999999998,0.25074977,-486.01257,-96.43216,0,0,0,0,1,0,0,0,0,1
327,327,1.19868,-0.6226507,-490.11053,-128.23242,0,0,0,0,1,0,0,0,0,1
328,328,1.1987,2.980513,-493.77533,-94.53505,0,0,0,0,1,0,0,0,0,1
329,329,1.19872,0.70592606,-499.51727,-91.13209,0,0,0,0,1,0,0,0,0,1
330,330,1.19874,-1.7292538,-501.38306,-113.447685,0,0,0,0,1,0,0,0,0,1
331,331,1.19876,0.581425,-507.45593,-139.88583,0,0,0,0,1,0,0,0,0,1
332,332,1.19878,0.42793474,-512.9264,-97.78574,0,0,0,0,1,0,0,0,0,1
333,333,1.1988,-0.3336307,-515.39777,-130.13152,0,0,0,0,1,0,0,0,0,1
334,334,1.19882,0.100936666,-518.5451,-111.183136,0,0,0,0,1,0,0,0,0,1
335,335,1.19884,-0.30859166,-523.1611,-119.7702,0,0,0,0,1,0,0,0,0,1
336,336,1.19886,0.49930203,-525.31506,-147.36035,0,0,0,0,1,0,0,0,0,1
337,337,1.19888,0.7947596,-530.36774,-127.91655,0,0,0,0,1,0,0,0,0,1
338,338,1.1989,-0.319783,-532.40295,-61.12371,0,0,0,0,1,0,0,0,0,1
339,339,1.19892,-0.7165015,-536.38635,-116.51457,0,0,0,0,1,0,0,0,0,1
340,340,1.19894,0.5779997,-540.1581,-106.00716,0,0,0,0,1,0,0,0,0,1
341,341,1.19896,-1.3166138,-542.94305,-65.29057,0,0,0,0,1,0,0,0,0,1
342,342,1.19898,0.54920536,-547.5719,-54.813435,0,0,0,0,1,0,0,0,0,1
343,343,1.1989999999999998,-1.3977363,-549.55664,-126.628845,0,0,0,0,1,0,0,0,0,1
344,344,1.19902,0.2629661,-553.4013,-99.125465,0,0,0,0,1,0,0,0,0,1
345,345,1.19904,0.8175998,-557.2704,-78.29336,0,0,0,0,1,0,0,0,0,1
346,346,1.19906,-0.0070334845,-557.98773,-89.63793,0,0,0,0,1,0,0,0,0,1
347,347,1.19908,0.08500996,-562.5658,-60.768456,0,0,0,0,1,0,0,0,0,1
348,348,1.1991,-0.9379688,-567.0965,-76.07146,0,0,0,0,1,0,0,0,0,1
349,349,1.19912,0.07435516,-568.0848,-51.716854,0,0,0,0,1,0,0,0,0,1
350,350,1.19914,0.21423946,-571.8193,-92.86599,0,0,0,0,1,0,0,0,0,1
351,351,1.19916,-0.43453166,-573.57947,-79.90769,0,0,0,0,1,0,0,0,0,1
352,352,1.19918,-0.73565656,-575.6387,-118.05482,0,0,0,0,1,0,0,0,0,1
353,353,1.1992,-1.9262508,-581.6721,-105.61699,0,0,0,0,1,0,0,0,0,1
354,354,1.19922,-1.6925399,-581.2982,-72.103355,0,0,0,0,1,0,0,0,0,1
355,355,1.19924,-1.1128385,-584.2086,-21.364868,0,0,0,0,1,0,0,0,0,1
356,356,1.19926,0.1609554,-583.3036,-121.377335,0,0,0,0,1,0,0,0,0,1
357,357,1.19928,-1.041391,-586.81165,-29.863266,0,0,0,0,1,0,0,0,0,1
358,358,1.1993,-0.7032568,-587.38605,-64.09118,0,0,0,0,1,0,0,0,0,1
359,359,1.19932,2.5540786,-592.17554,-51.45522,0,0,0,0,1,0,0,0,0,1
360,360,1.19934,-0.03291931,-594.15784,-49.443726,0,0,0,0,1,0,0,0,0,1
361,361,1.19936,-0.48322785,-598.2519,-134.95746,0,0,0,0,1,0,0,0,0,1
362,362,1.19938,0.68898,-597.11835,-39.689564,0,0,0,0,1,0,0,0,0,1
363,363,1.1994,-1.5167817,-600.20953,-74.630066,0,0,0,0,1,0,0,0,0,1
364,364,1.19942,1.0038371,-602.6776,-68.67696,0,0,0,0,1,0,0,0,0,1
365,365,1.1994399999999998,0.9489359,-605.24054,-57.503944,0,0,0,0,1,0,0,0,0,1
366,366,1.19946,0.81056535,-606.59796,-59.20953,0,0,0,0,1,0,0,0,0,1
367,367,1.19948,1.1107762,-607.7577,-49.26067,0,0,0,0,1,0,0,0,0,1
368,368,1.1995,1.0328943,-608.5007,-48.087128,0,0,0,0,1,0,0,0,0,1
369,369,1.19952,-1.967947,-611.435,-56.035625,0,0,0,0,1,0,0,0,0,1
370,370,1.19954,1.7271541,-613.56805,-62.572987,0,0,0,0,1,0,0,0,0,1
371,371,1.19956,0.14836316,-614.67773,-44.38117,0,0,0,0,1,0,0,0,0,1
372,372,1.19958,-0.28843534,-615.343,-43.77961,0,0,0,0,1,0,0,0,0,1
373,373,1.1996,-1.7746335,-616.103,-7.2516975,0,0,0,0,1,0,0,0,0,1
374,374,1.19962,-0.58450973,-618.68384,-60.56541,0,0,0,0,1,0,0,0,0,1
375,375,1.19964,-0.6851635,-620.32745,-18.730352,0,0,0,0,1,0,0,0,0,1
376,376,1.19966,-0.7846922,-619.67664,-45.547867,0,0,0,0,1,0,0,0,0,1
377,377,1.19968,1.4407375,-623.5538,-63.588737,0,0,0,0,1,0,0,0,0,1
378,378,1.1997,0.5697223,-624.1049,-16.761982,0,0,0,0,1,0,0,0,0,1
379,379,1.19972,-0.386859,-624.5387,-4.422962,0,0,0,0,1,0,0,0,0,1
380,380,1.19974,-0.14541437,-624.0031,-29.79251,0,0,0,0,1,0,0,0,0,1
381,381,1.19976,-0.6637177,-625.1194,-62.81095,0,0,0,0,1,0,0,0,0,1
382,382,1.1997799999999998,0.39535755,-625.0253,-13.435396,0,0,0,0,1,0,0,0,0,1
383,383,1.1998,-2.3047738,-628.8779,-30.82005,0,0,0,0,1,0,0,0,0,1
384,384,1.19982,0.8131345,-627.11414,-4.987981,0,0,0,0,1,0,0,0,0,1
385,385,1.19984,-0.7217954,-626.42804,-10.172287,0,0,0,0,1,0,0,0,0,1
386,386,1.19986,1.1228544,-629.7315,32.392647,0,0,0,0,1,0,0,0,0,1
387,387,1.1998799999999998,1.4331923,-629.04944,-33.37829,0,0,0,0,1,0,0,0,0,1
388,388,1.1999,-1.078142,-629.6994,-53.231834,0,0,0,0,1,0,0,0,0,1
389,389,1.19992,-1.6387763,-633.28564,-29.529182,0,0,0,0,1,0,0,0,0,1
390,390,1.19994,0.9808878,-631.7388,11.784452,0,0,0,0,1,0,0,0,0,1
391,391,1.19996,0.51163846,-631.6832,-18.53033,0,0,0,0,1,0,0,0,0,1
392,392,1.19998,1.9547786,-630.8694,-5.0493526,0,0,0,0,1,0,0,0,0,1
393,393,1.2,0.69490784,-631.01605,-15.672767,0,0,0,0,1,0,0,0,0,1
394,394,1.20002,-0.1363328,-630.62054,-7.372713,0,0,0,0,1,0,0,0,0,1
395,395,1.20004,-0.6973825,-630.2731,-29.199348,0,0,0,0,1,0,0,0,0,1
396,396,1.20006,-1.6503657,-631.1149,-25.405874,0,0,0,0,1,0,0,0,0,1
397,397,1.20008,-0.6745816,-630.6531,48.88572,0,0,0,0,1,0,0,0,0,1
398,398,1.2001,-2.038277,-627.7387,-19.568935,0,0,0,0,1,0,0,0,0,1
399,399,1.20012,0.57572114,-627.8701,-13.532747,0,0,0,0,1,0,0,0,0,1
400,400,1.20014,-1.3853742,-628.4454,17.78281,0,0,0,0,1,0,0,0,0,1
401,401,1.2001443955347664,0.5833319,-629.9745,-40.083084,0,0,0,0,1,0,0,0,0,1
