Unnamed: 0.1,Unnamed: 0,Time / s,Vo:Measured voltage,IL:Measured current,Vin:Measured voltage,open1_time,open2_time,open3,open4,short1_time,short2_time,short3,short4,OPEN,SHORT
0,0,1.1423316167654554,387.8626,8.700645,192.2492,0,0,0,0,0,0,0,0,0,0
1,1,1.14234,387.09744,9.309454,259.34436,0,0,0,0,0,0,0,0,0,0
2,2,1.14236,388.156,10.23707,215.97475,0,0,0,0,0,0,0,0,0,0
3,3,1.14238,387.8476,10.039928,182.901,0,0,0,0,0,0,0,0,0,0
4,4,1.1424,388.87485,9.155335,200.91756,0,0,0,0,0,0,0,0,0,0
5,5,1.14242,387.04318,8.05909,191.47809,0,0,0,0,0,0,0,0,0,0
6,6,1.14244,387.14157,9.482976,173.23703,0,0,0,0,0,0,0,0,0,0
7,7,1.14246,387.98273,8.814834,215.86632,0,0,0,0,0,0,0,0,0,0
8,8,1.14248,387.4106,8.969719,222.57222,0,0,0,0,0,0,0,0,0,0
9,9,1.1424999999999998,386.54498,8.463803,203.40536,0,0,0,0,0,0,0,0,0,0
10,10,1.14252,388.53015,8.376222,227.42192,0,0,0,0,0,0,0,0,0,0
11,11,1.14254,388.49557,9.265676,240.53935,0,0,0,0,0,0,0,0,0,0
12,12,1.14256,388.17514,8.161627,213.15405,0,0,0,0,0,0,0,0,0,0
13,13,1.14258,388.42734,8.782669,226.52003,0,0,0,0,0,0,0,0,0,0
14,14,1.1425999999999998,386.67822,10.08033,242.63843,0,0,0,0,0,0,0,0,0,0
15,15,1.14262,390.08865,10.189065,255.75104,0,0,0,0,0,0,0,0,0,0
16,16,1.14264,388.22882,8.063019,254.87906,0,0,0,0,0,0,0,0,0,0
17,17,1.14266,387.31555,9.832221,225.84288,0,0,0,0,0,0,0,0,0,0
18,18,1.14268,387.77676,9.522929,196.90262,0,0,0,0,0,0,0,0,0,0
19,19,1.1427,388.03436,10.428843,222.17668,0,0,0,0,0,0,0,0,0,0
20,20,1.14272,387.6504,10.073714,227.76994,0,0,0,0,0,0,0,0,0,0
21,21,1.14274,388.2536,10.042472,262.99222,0,0,0,0,0,0,0,0,0,0
22,22,1.14276,389.01538,9.248894,247.33617,0,0,0,0,0,0,0,0,0,0
23,23,1.14278,387.17035,12.283427,213.4873,0,0,0,0,0,0,0,0,0,0
24,24,1.1428,387.43195,11.124387,214.32281,0,0,0,0,0,0,0,0,0,0
25,25,1.14282,388.1283,9.227143,259.33228,0,0,0,0,0,0,0,0,0,0
26,26,1.14284,389.45694,11.184999,266.94748,0,0,0,0,0,0,0,0,0,0
27,27,1.14286,388.2897,9.970204,255.23047,0,0,0,0,0,0,0,0,0,0
28,28,1.14288,388.40762,9.517443,225.61946,0,0,0,0,0,0,0,0,0,0
29,29,1.1429,387.81317,11.542056,253.517,0,0,0,0,0,0,0,0,0,0
30,30,1.14292,387.9442,9.630432,245.45514,0,0,0,0,0,0,0,0,0,0
31,31,1.1429399999999998,389.5907,10.912208,211.4188,0,0,0,0,0,0,0,0,0,0
32,32,1.14296,387.88235,10.626526,214.19312,0,0,0,0,0,0,0,0,0,0
33,33,1.14298,388.63632,9.668474,253.6427,0,0,0,0,0,0,0,0,0,0
34,34,1.143,388.5987,9.007777,270.25162,0,0,0,0,0,0,0,0,0,0
35,35,1.14302,388.10922,9.521963,220.39807,0,0,0,0,0,0,0,0,0,0
36,36,1.14304,386.82693,10.641725,275.352,0,0,0,0,0,0,0,0,0,0
37,37,1.14306,387.6166,10.341955,273.28784,0,0,0,0,0,0,0,0,0,0
38,38,1.14308,389.08243,11.288854,249.9113,0,0,0,0,0,0,0,0,0,0
39,39,1.1431,389.1331,9.427041,280.7146,0,0,0,0,0,0,0,0,0,0
40,40,1.14312,388.22318,11.387752,255.76501,0,0,0,0,0,0,0,0,0,0
41,41,1.14314,387.19418,11.731659,315.41168,0,0,0,0,0,0,0,0,0,0
42,42,1.14316,388.59732,10.394785,260.43445,0,0,0,0,0,0,0,0,0,0
43,43,1.14318,387.8683,9.911039,242.1204,0,0,0,0,0,0,0,0,0,0
44,44,1.1432,387.91293,12.162009,266.34622,0,0,0,0,0,0,0,0,0,0
45,45,1.14322,389.82718,9.970601,236.41983,0,0,0,0,0,0,0,0,0,0
46,46,1.14324,388.00134,10.441729,252.76219,0,0,0,0,0,0,0,0,0,0
47,47,1.14326,388.7484,11.26199,256.74045,0,0,0,0,0,0,0,0,0,0
48,48,1.14328,389.8899,11.13047,231.85371,0,0,0,0,0,0,0,0,0,0
49,49,1.1433,389.92606,10.256564,339.66003,0,0,0,0,0,0,0,0,0,0
50,50,1.14332,391.63614,9.496954,272.10062,0,0,0,0,0,0,0,0,0,0
51,51,1.14334,388.09763,11.210194,306.89795,0,0,0,0,0,0,0,0,0,0
52,52,1.14336,390.90952,11.51689,274.7791,0,0,0,0,0,0,0,0,0,0
53,53,1.1433799999999998,389.923,10.827408,304.46964,0,0,0,0,0,0,0,0,0,0
54,54,1.1434,390.36676,10.811057,258.53052,0,0,0,0,0,0,0,0,0,0
55,55,1.14342,389.89764,10.312533,286.3836,0,0,0,0,0,0,0,0,0,0
56,56,1.14344,390.37564,12.356039,250.11313,0,0,0,0,0,0,0,0,0,0
57,57,1.14346,390.7862,11.9823475,249.28694,0,0,0,0,0,0,0,0,0,0
58,58,1.14348,389.61118,13.030485,305.43747,0,0,0,0,0,0,0,0,0,0
59,59,1.1435,390.06796,12.469459,295.5287,0,0,0,0,0,0,0,0,0,0
60,60,1.14352,391.0515,10.819935,250.39119,0,0,0,0,0,0,0,0,0,0
61,61,1.14354,390.7136,13.323067,275.1615,0,0,0,0,0,0,0,0,0,0
62,62,1.14356,392.08524,12.190458,272.1641,0,0,0,0,0,0,0,0,0,0
63,63,1.14358,391.0348,12.214658,269.90527,0,0,0,0,0,0,0,0,0,0
64,64,1.1436,391.22928,11.226658,268.7436,0,0,0,0,0,0,0,0,0,0
65,65,1.14362,390.5026,10.806068,299.9647,0,0,0,0,0,0,0,0,0,0
66,66,1.14364,391.95532,12.844233,261.0338,0,0,0,0,0,0,0,0,0,0
67,67,1.14366,390.91202,11.406289,308.38104,0,0,0,0,0,0,0,0,0,0
68,68,1.14368,390.76044,13.115455,295.4174,0,0,0,0,0,0,0,0,0,0
69,69,1.1437,390.95767,11.180669,260.87228,0,0,0,0,0,0,0,0,0,0
70,70,1.1437199999999998,391.41516,11.547395,300.27374,0,0,0,0,0,0,0,0,0,0
71,71,1.14374,392.01572,12.069649,282.5237,0,0,0,0,0,0,0,0,0,0
72,72,1.14376,393.10162,12.916023,262.1137,0,0,0,0,0,0,0,0,0,0
73,73,1.14378,391.81427,12.027797,301.88467,0,0,0,0,0,0,0,0,0,0
74,74,1.1438,392.24646,11.915742,295.5946,0,0,0,0,0,0,0,0,0,0
75,75,1.14382,391.6845,12.577974,324.10086,0,0,0,0,0,0,0,0,0,0
76,76,1.14384,391.80896,14.434594,256.98483,0,0,0,0,0,0,0,0,0,0
77,77,1.14386,393.48785,11.803975,320.98956,0,0,0,0,0,0,0,0,0,0
78,78,1.14388,392.14154,11.193095,267.02972,0,0,0,0,0,0,0,0,0,0
79,79,1.1439,393.0954,12.058793,341.3694,0,0,0,0,0,0,0,0,0,0
80,80,1.14392,392.92538,10.327646,303.09778,0,0,0,0,0,0,0,0,0,0
81,81,1.14394,392.48187,11.2015915,289.0747,0,0,0,0,0,0,0,0,0,0
82,82,1.14396,393.80948,11.60255,269.1884,0,0,0,0,0,0,0,0,0,0
83,83,1.14398,392.50027,12.229959,295.2999,0,0,0,0,0,0,0,0,0,0
84,84,1.144,391.89877,13.5365,307.92624,0,0,0,0,0,0,0,0,0,0
85,85,1.14402,393.59354,9.567861,273.36774,0,0,0,0,0,0,0,0,0,0
86,86,1.14404,394.2714,11.277442,258.40775,0,0,0,0,0,0,0,0,0,0
87,87,1.14406,392.44113,12.233944,307.9365,0,0,0,0,0,0,0,0,0,0
88,88,1.14408,394.74203,12.54478,299.9637,0,0,0,0,0,0,0,0,0,0
89,89,1.1441,392.78882,13.988246,280.84625,0,0,0,0,0,0,0,0,0,0
90,90,1.14412,394.45886,12.855754,268.93326,0,0,0,0,0,0,0,0,0,0
91,91,1.14414,395.2988,12.652791,330.96243,0,0,0,0,0,0,0,0,0,0
92,92,1.1441599999999998,393.70996,12.3668995,326.06436,0,0,0,0,0,0,0,0,0,0
93,93,1.14418,395.3647,12.742596,308.33533,0,0,0,0,0,0,0,0,0,0
94,94,1.1442,394.4897,12.672895,286.17847,0,0,0,0,0,0,0,0,0,0
95,95,1.14422,395.6768,12.614554,290.15744,0,0,0,0,0,0,0,0,0,0
96,96,1.14424,397.28406,13.380027,281.8918,0,0,0,0,0,0,0,0,0,0
97,97,1.14426,395.0949,11.84906,289.0603,0,0,0,0,0,0,0,0,0,0
98,98,1.14428,395.87595,13.948552,299.71375,0,0,0,0,0,0,0,0,0,0
99,99,1.1443,397.31564,12.1105995,308.74594,0,0,0,0,0,0,0,0,0,0
100,100,1.14432,395.04895,12.900291,328.1557,0,0,0,0,0,0,0,0,0,0
101,101,1.14434,395.95123,12.294885,327.98288,0,0,0,0,0,0,0,0,0,0
102,102,1.14436,395.8246,10.47279,285.6134,0,0,0,0,0,0,0,0,0,0
103,103,1.14438,396.63174,12.399516,317.8506,0,0,0,0,0,0,0,0,0,0
104,104,1.1444,396.66443,13.370315,320.02643,0,0,0,0,0,0,0,0,0,0
105,105,1.14442,396.13516,13.351869,334.76016,0,0,0,0,0,0,0,0,0,0
106,106,1.14444,397.86536,11.753372,341.97095,0,0,0,0,0,0,0,0,0,0
107,107,1.14446,396.72638,11.644724,311.42874,0,0,0,0,0,0,0,0,0,0
108,108,1.14448,395.1114,13.745658,307.05634,0,0,0,0,0,0,0,0,0,0
109,109,1.1445,398.43085,13.5104265,294.90103,0,0,0,0,0,0,0,0,0,0
110,110,1.14452,397.58246,14.248779,324.54755,0,0,0,0,0,0,0,0,0,0
111,111,1.14454,396.94177,12.484199,327.82803,0,0,0,0,0,0,0,0,0,0
112,112,1.14456,395.97443,12.352232,334.48685,0,0,0,0,0,0,0,0,0,0
113,113,1.14458,397.72467,12.789444,303.6797,0,0,0,0,0,0,0,0,0,0
114,114,1.1445999999999998,398.5983,11.170785,354.22006,0,0,0,0,0,0,0,0,0,0
115,115,1.14462,397.88644,13.078997,308.43506,0,0,0,0,0,0,0,0,0,0
116,116,1.14464,398.80817,13.922143,316.58716,0,0,0,0,0,0,0,0,0,0
117,117,1.14466,397.4188,15.309864,318.95822,0,0,0,0,0,0,0,0,0,0
118,118,1.14468,398.05292,11.97225,323.8971,0,0,0,0,0,0,0,0,0,0
119,119,1.1447,397.85938,11.790079,267.5514,0,0,0,0,0,0,0,0,0,0
120,120,1.14472,398.26547,13.377058,334.37067,0,0,0,0,0,0,0,0,0,0
121,121,1.14474,398.12265,13.090983,283.98404,0,0,0,0,0,0,0,0,0,0
122,122,1.14476,398.98178,11.257387,311.2055,0,0,0,0,0,0,0,0,0,0
123,123,1.14478,398.64938,11.863334,328.40576,0,0,0,0,0,0,0,0,0,0
124,124,1.1448,398.32248,14.128858,297.13458,0,0,0,0,0,0,0,0,0,0
125,125,1.14482,398.58313,13.316867,292.1438,0,0,0,0,0,0,0,0,0,0
126,126,1.14484,398.97455,11.994128,263.1075,0,0,0,0,0,0,0,0,0,0
127,127,1.14486,398.65665,14.319808,295.45648,0,0,0,0,0,0,0,0,0,0
128,128,1.14488,399.69147,13.68845,300.84482,0,0,0,0,0,0,0,0,0,0
129,129,1.1449,400.6837,14.772247,286.48358,0,0,0,0,0,0,0,0,0,0
130,130,1.14492,398.4259,13.1214,299.31927,0,0,0,0,0,0,0,0,0,0
131,131,1.1449399999999998,399.55716,13.265656,295.26028,0,0,0,0,0,0,0,0,0,0
132,132,1.14496,399.18292,13.926465,293.59857,0,0,0,0,0,0,0,0,0,0
133,133,1.14498,400.79214,11.555548,336.8551,0,0,0,0,0,0,0,0,0,0
134,134,1.145,400.6779,12.781457,267.24738,0,0,0,0,0,0,0,0,0,0
135,135,1.14502,400.40424,13.381717,313.72098,0,0,0,0,0,0,0,0,0,0
136,136,1.14504,401.66623,11.8649025,320.8756,0,0,0,0,0,0,0,0,0,0
137,137,1.14506,401.27444,11.31764,305.13055,0,0,0,0,0,0,0,0,0,0
138,138,1.14508,401.7784,12.3626375,294.2458,0,0,0,0,0,0,0,0,0,0
139,139,1.1451,403.7046,13.691852,297.2422,0,0,0,0,0,0,0,0,0,0
140,140,1.14512,401.24362,12.664191,295.68817,0,0,0,0,0,0,0,0,0,0
141,141,1.14514,401.28906,14.0479555,288.5393,0,0,0,0,0,0,0,0,0,0
142,142,1.14516,400.32956,13.118936,321.3535,0,0,0,0,0,0,0,0,0,0
143,143,1.14518,403.55725,13.184994,279.7221,0,0,0,0,0,0,0,0,0,0
144,144,1.1452,402.65002,13.887769,289.99957,0,0,0,0,0,0,0,0,0,0
145,145,1.14522,402.8116,13.139809,296.1445,0,0,0,0,0,0,0,0,0,0
146,146,1.14524,401.67065,11.148961,305.1834,0,0,0,0,0,0,0,0,0,0
147,147,1.14526,402.7502,14.439671,332.00787,0,0,0,0,0,0,0,0,0,0
148,148,1.14528,401.538,12.730904,323.3543,0,0,0,0,0,0,0,0,0,0
149,149,1.1453,402.15097,11.893356,270.63712,0,0,0,0,0,0,0,0,0,0
150,150,1.14532,403.19342,12.602096,297.51483,0,0,0,0,0,0,0,0,0,0
151,151,1.14534,403.70245,14.284654,273.30667,0,0,0,0,0,0,0,0,0,0
152,152,1.14536,403.14835,13.25534,369.724,0,0,0,0,0,0,0,0,0,0
153,153,1.1453799999999998,403.78784,10.506872,296.32132,0,0,0,0,0,0,0,0,0,0
154,154,1.1454,403.3737,12.5354,323.4398,0,0,0,0,0,0,0,0,0,0
155,155,1.14542,404.3305,12.839572,295.37888,0,0,0,0,0,0,0,0,0,0
156,156,1.14544,403.69058,12.585497,272.52634,0,0,0,0,0,0,0,0,0,0
157,157,1.14546,404.79333,11.272499,310.04886,0,0,0,0,0,0,0,0,0,0
158,158,1.14548,404.2519,13.07733,326.21497,0,0,0,0,0,0,0,0,0,0
159,159,1.1455,404.62085,11.605634,306.548,0,0,0,0,0,0,0,0,0,0
160,160,1.14552,404.51794,12.17628,280.12646,0,0,0,0,0,0,0,0,0,0
161,161,1.14554,407.04404,13.579233,286.69827,0,0,0,0,0,0,0,0,0,0
162,162,1.14556,404.93332,14.439713,372.38635,0,0,0,0,0,0,0,0,0,0
163,163,1.14558,405.0584,11.308247,304.04535,0,0,0,0,0,0,0,0,0,0
164,164,1.1456,404.11868,13.237904,305.9021,0,0,0,0,0,0,0,0,0,0
165,165,1.14562,406.5809,14.011798,292.14413,0,0,0,0,0,0,0,0,0,0
166,166,1.14564,405.62772,13.572213,338.8719,0,0,0,0,0,0,0,0,0,0
167,167,1.14566,404.45682,12.289523,284.79437,0,0,0,0,0,0,0,0,0,0
168,168,1.14568,405.28357,12.89698,302.23438,0,0,0,0,0,0,0,0,0,0
169,169,1.1457,406.2891,13.20589,304.21613,0,0,0,0,0,0,0,0,0,0
170,170,1.1457199999999998,404.68912,13.470456,311.78015,0,0,0,0,0,0,0,0,0,0
171,171,1.14574,407.2579,13.000391,321.30347,0,0,0,0,0,0,0,0,0,0
172,172,1.14576,406.3264,12.45374,320.33517,0,0,0,0,0,0,0,0,0,0
173,173,1.14578,406.0855,12.5151615,278.95493,0,0,0,0,0,0,0,0,0,0
174,174,1.1458,406.8245,12.8352785,314.6821,0,0,0,0,0,0,0,0,0,0
175,175,1.1458199999999998,405.78857,11.775372,266.75546,0,0,0,0,0,0,0,0,0,0
176,176,1.14584,406.49957,12.995994,305.14096,0,0,0,0,0,0,0,0,0,0
177,177,1.14586,406.88614,12.200964,316.0893,0,0,0,0,0,0,0,0,0,0
178,178,1.14588,406.14963,14.047908,279.12695,0,0,0,0,0,0,0,0,0,0
179,179,1.1459,407.9114,13.722738,310.45386,0,0,0,0,0,0,0,0,0,0
180,180,1.14592,407.54437,11.823885,275.88428,0,0,0,0,0,0,0,0,0,0
181,181,1.14594,406.61307,11.150015,309.07047,0,0,0,0,0,0,0,0,0,0
182,182,1.14596,407.67322,12.022177,255.62395,0,0,0,0,0,0,0,0,0,0
183,183,1.14598,407.57632,11.8730955,308.6339,0,0,0,0,0,0,0,0,0,0
184,184,1.146,408.18674,12.128886,314.60416,0,0,0,0,0,0,0,0,0,0
185,185,1.14602,407.94263,13.349178,321.75644,0,0,0,0,0,0,0,0,0,0
186,186,1.14604,407.32565,12.100893,295.28915,0,0,0,0,0,0,0,0,0,0
187,187,1.14606,407.62085,13.835091,323.39774,0,0,0,0,0,0,0,0,0,0
188,188,1.14608,409.13992,11.89408,287.31055,0,0,0,0,0,0,0,0,0,0
189,189,1.1461,407.01855,10.866003,277.84485,0,0,0,0,0,0,0,0,0,0
190,190,1.14612,407.8282,12.389052,287.58917,0,0,0,0,0,0,0,0,0,0
191,191,1.14614,408.5865,10.244093,301.91058,0,0,0,0,0,0,0,0,0,0
192,192,1.1461599999999998,409.03116,13.320524,292.71735,0,0,0,0,0,0,0,0,0,0
193,193,1.14618,407.54868,12.186689,288.908,0,0,0,0,0,0,0,0,0,0
194,194,1.1462,406.87927,12.058648,269.52908,0,0,0,0,0,0,0,0,0,0
195,195,1.14622,407.6416,11.002221,294.2933,0,0,0,0,0,0,0,0,0,0
196,196,1.14624,408.85168,12.741292,277.34738,0,0,0,0,0,0,0,0,0,0
197,197,1.14626,408.6007,11.010455,267.6137,0,0,0,0,0,0,0,0,0,0
198,198,1.14628,407.44275,11.293888,276.83463,0,0,0,0,0,0,0,0,0,0
199,199,1.1463,408.4872,12.780579,319.92325,0,0,0,0,0,0,0,0,0,0
200,200,1.14632,409.45905,12.234233,281.23325,0,0,0,0,0,0,0,0,0,0
201,201,1.14634,408.79333,10.484454,262.26843,0,0,0,0,0,0,0,0,0,0
202,202,1.14636,408.9898,12.168527,252.63261,0,0,0,0,0,0,0,0,0,0
203,203,1.14638,410.11813,10.818186,295.46182,0,0,0,0,0,0,0,0,0,0
204,204,1.1464,409.84457,12.148903,251.6876,0,0,0,0,0,0,0,0,0,0
205,205,1.14642,408.75278,12.025706,317.99164,0,0,0,0,0,0,0,0,0,0
206,206,1.14644,410.44437,9.953689,252.9499,0,0,0,0,0,0,0,0,0,0
207,207,1.14646,409.12848,11.953382,286.7137,0,0,0,0,0,0,0,0,0,0
208,208,1.14648,409.0605,12.456213,295.45633,0,0,0,0,0,0,0,0,0,0
209,209,1.1465,408.49225,12.052948,310.63272,0,0,0,0,0,0,0,0,0,0
210,210,1.14652,411.32684,11.705921,289.99832,0,0,0,0,0,0,0,0,0,0
211,211,1.14654,409.22534,8.967482,295.5299,0,0,0,0,0,0,0,0,0,0
212,212,1.14656,411.33878,11.603928,246.84232,0,0,0,0,0,0,0,0,0,0
213,213,1.14658,410.98154,11.987106,258.698,0,0,0,0,0,0,0,0,0,0
214,214,1.1465999999999998,410.31497,11.089887,267.37936,0,0,0,0,0,0,0,0,0,0
215,215,1.14662,409.63916,11.70534,283.24677,0,0,0,0,0,0,0,0,0,0
216,216,1.14664,408.41724,10.0967865,281.22464,0,0,0,0,0,0,0,0,0,0
217,217,1.14666,412.4485,11.045758,285.02518,0,0,0,0,0,0,0,0,0,0
218,218,1.14668,410.11545,9.027155,273.26028,0,0,0,0,0,0,0,0,0,0
219,219,1.1467,410.75537,9.881605,263.29178,0,0,0,0,0,0,0,0,0,0
220,220,1.14672,411.06543,10.899546,232.81259,0,0,0,0,0,0,0,0,0,0
221,221,1.14674,410.73627,9.928862,298.16217,0,0,0,0,0,0,0,0,0,0
222,222,1.14676,411.47446,11.245688,251.37784,0,0,0,0,0,0,0,0,0,0
223,223,1.14678,412.0403,10.61593,275.54248,0,0,0,0,0,0,0,0,0,0
224,224,1.1468,411.45178,10.379734,277.90076,0,0,0,0,0,0,0,0,0,0
225,225,1.14682,410.66153,13.101767,280.1039,0,0,0,0,0,0,0,0,0,0
226,226,1.14684,411.16058,10.7662945,257.24323,0,0,0,0,0,0,0,0,0,0
227,227,1.14686,410.62253,12.056958,249.22147,0,0,0,0,0,0,0,0,0,0
228,228,1.14688,410.81723,11.272233,257.7567,0,0,0,0,0,0,0,0,0,0
229,229,1.1469,411.5068,10.754423,205.98285,0,0,0,0,0,0,0,0,0,0
230,230,1.14692,412.15182,10.269308,260.36682,0,0,0,0,0,0,0,0,0,0
231,231,1.1469399999999998,410.5232,10.4078665,255.52324,0,0,0,0,0,0,0,0,0,0
232,232,1.14696,410.68176,13.495449,268.67422,0,0,0,0,0,0,0,0,0,0
233,233,1.14698,410.32153,10.470615,275.06647,0,0,0,0,0,0,0,0,0,0
234,234,1.147,412.45712,10.515425,268.91537,0,0,0,0,0,0,0,0,0,0
235,235,1.14702,410.95657,9.771056,265.03928,0,0,0,0,0,0,0,0,0,0
236,236,1.1470399999999998,411.784,10.536515,268.98343,0,0,0,0,0,0,0,0,0,0
237,237,1.14706,411.13095,9.613846,245.36903,0,0,0,0,0,0,0,0,0,0
238,238,1.14708,410.43756,9.737353,245.29063,0,0,0,0,0,0,0,0,0,0
239,239,1.1471,412.56808,11.700697,204.40309,0,0,0,0,0,0,0,0,0,0
240,240,1.14712,411.74484,9.085285,196.33995,0,0,0,0,0,0,0,0,0,0
241,241,1.14714,411.67117,10.345555,217.5418,0,0,0,0,0,0,0,0,0,0
242,242,1.14716,411.74304,10.6436205,260.30197,0,0,0,0,0,0,0,0,0,0
243,243,1.14718,411.83572,8.968031,232.08849,0,0,0,0,0,0,0,0,0,0
244,244,1.1472,411.98724,10.86128,202.61856,0,0,0,0,0,0,0,0,0,0
245,245,1.14722,413.26703,9.897143,264.49808,0,0,0,0,0,0,0,0,0,0
246,246,1.14724,410.31656,8.685414,213.98303,0,0,0,0,0,0,0,0,0,0
247,247,1.14726,412.2097,9.1925335,260.32275,0,0,0,0,0,0,0,0,0,0
248,248,1.14728,411.635,9.427419,246.51163,0,0,0,0,0,0,0,0,0,0
249,249,1.1473,411.39084,10.143681,219.56854,0,0,0,0,0,0,0,0,0,0
250,250,1.14732,409.52298,9.473574,249.44707,0,0,0,0,0,0,0,0,0,0
251,251,1.14734,118.19689,12.850416,207.8956,0,0,0,0,0,0,1,0,0,1
252,252,1.14736,8.021305,20.833,227.50713,0,0,0,0,0,0,1,0,0,1
253,253,1.1473799999999998,1.0104816,29.642399,230.07419,0,0,0,0,0,0,1,0,0,1
254,254,1.1474,1.620524,36.405025,233.0755,0,0,0,0,0,0,1,0,0,1
255,255,1.14742,0.15573832,43.42156,253.919,0,0,0,0,0,0,1,0,0,1
256,256,1.14744,1.065221,51.327488,188.5183,0,0,0,0,0,0,1,0,0,1
257,257,1.14746,1.0209159,59.959,235.44402,0,0,0,0,0,0,1,0,0,1
258,258,1.14748,-0.18164535,65.79102,206.29456,0,0,0,0,0,0,1,0,0,1
259,259,1.1475,0.7892061,71.05887,212.77867,0,0,0,0,0,0,1,0,0,1
260,260,1.14752,0.02619572,82.42406,256.20026,0,0,0,0,0,0,1,0,0,1
261,261,1.14754,1.048472,87.98212,200.86424,0,0,0,0,0,0,1,0,0,1
262,262,1.14756,-0.31108084,95.70193,235.60516,0,0,0,0,0,0,1,0,0,1
263,263,1.14758,0.47127,102.09579,222.41724,0,0,0,0,0,0,1,0,0,1
264,264,1.1476,0.12293727,109.059555,186.03162,0,0,0,0,0,0,1,0,0,1
265,265,1.14762,-0.45362753,116.08094,235.22356,0,0,0,0,0,0,1,0,0,1
266,266,1.14764,1.0366474,125.72976,231.3697,0,0,0,0,0,0,1,0,0,1
267,267,1.14766,0.52852744,129.91997,226.46822,0,0,0,0,0,0,1,0,0,1
268,268,1.14768,0.2266067,137.3454,208.65921,0,0,0,0,0,0,1,0,0,1
269,269,1.1477,-0.7141841,144.89131,213.14264,0,0,0,0,0,0,1,0,0,1
270,270,1.14772,-0.6789861,151.59534,175.27791,0,0,0,0,0,0,1,0,0,1
271,271,1.14774,0.7609387,158.76813,220.47462,0,0,0,0,0,0,1,0,0,1
272,272,1.14776,0.7042029,164.50406,224.92801,0,0,0,0,0,0,1,0,0,1
273,273,1.14778,-0.68145245,171.74934,175.18387,0,0,0,0,0,0,1,0,0,1
274,274,1.1478,-0.6078968,179.22609,201.40129,0,0,0,0,0,0,1,0,0,1
275,275,1.1478199999999998,-0.10668514,183.49986,194.7344,0,0,0,0,0,0,1,0,0,1
276,276,1.14784,-0.19907185,190.91292,198.27917,0,0,0,0,0,0,1,0,0,1
277,277,1.14786,0.14294447,198.0019,236.29051,0,0,0,0,0,0,1,0,0,1
278,278,1.14788,-0.37794366,203.5795,190.99266,0,0,0,0,0,0,1,0,0,1
279,279,1.1479,-0.45920265,211.22234,199.55649,0,0,0,0,0,0,1,0,0,1
280,280,1.14792,0.6578985,217.79207,209.95732,0,0,0,0,0,0,1,0,0,1
281,281,1.14794,-0.9341977,223.10466,166.26382,0,0,0,0,0,0,1,0,0,1
282,282,1.14796,0.35239267,230.35086,165.86574,0,0,0,0,0,0,1,0,0,1
283,283,1.14798,-0.9150697,235.22057,187.06157,0,0,0,0,0,0,1,0,0,1
284,284,1.148,0.74090356,241.5397,198.3035,0,0,0,0,0,0,1,0,0,1
285,285,1.14802,-0.021641446,248.03896,186.10806,0,0,0,0,0,0,1,0,0,1
286,286,1.14804,0.39223865,254.91139,201.52678,0,0,0,0,0,0,1,0,0,1
287,287,1.14806,-0.0075569525,259.46872,195.04985,0,0,0,0,0,0,1,0,0,1
288,288,1.14808,0.18040702,265.3091,154.4994,0,0,0,0,0,0,1,0,0,1
289,289,1.1481,-1.1827948,273.29865,158.3736,0,0,0,0,0,0,1,0,0,1
290,290,1.14812,0.03652739,276.98026,128.58752,0,0,0,0,0,0,1,0,0,1
291,291,1.14814,0.2737088,282.03345,143.42635,0,0,0,0,0,0,1,0,0,1
292,292,1.1481599999999998,-0.6502031,289.22772,179.21138,0,0,0,0,0,0,1,0,0,1
293,293,1.14818,1.1482353,296.493,163.13304,0,0,0,0,0,0,1,0,0,1
294,294,1.1482,0.5323793,300.70193,196.43558,0,0,0,0,0,0,1,0,0,1
295,295,1.14822,0.32329857,303.48737,178.92447,0,0,0,0,0,0,1,0,0,1
296,296,1.14824,-0.37097707,310.15005,112.4647,0,0,0,0,0,0,1,0,0,1
297,297,1.14826,-0.031560082,315.22992,114.361786,0,0,0,0,0,0,1,0,0,1
298,298,1.14828,-0.34787256,321.19797,150.18753,0,0,0,0,0,0,1,0,0,1
299,299,1.1483,0.0694021,327.80582,130.6506,0,0,0,0,0,0,1,0,0,1
300,300,1.14832,0.40852267,332.5946,126.69051,0,0,0,0,0,0,1,0,0,1
301,301,1.14834,0.2868868,337.92413,165.39438,0,0,0,0,0,0,1,0,0,1
302,302,1.14836,0.56024975,342.55328,147.92867,0,0,0,0,0,0,1,0,0,1
303,303,1.14838,-1.071096,348.2636,163.83669,0,0,0,0,0,0,1,0,0,1
304,304,1.1484,-1.2654617,352.43585,125.85312,0,0,0,0,0,0,1,0,0,1
305,305,1.14842,-0.0916451,358.7696,137.75667,0,0,0,0,0,0,1,0,0,1
306,306,1.14844,-0.6137569,364.60745,175.24661,0,0,0,0,0,0,1,0,0,1
307,307,1.14846,-1.2653686,367.6465,143.73584,0,0,0,0,0,0,1,0,0,1
308,308,1.14848,0.73535234,371.85645,109.69645,0,0,0,0,0,0,1,0,0,1
309,309,1.1485,-1.4043602,377.63818,153.11644,0,0,0,0,0,0,1,0,0,1
310,310,1.14852,-0.14850742,381.73703,133.28296,0,0,0,0,0,0,1,0,0,1
311,311,1.14854,1.2342783,387.55865,156.98697,0,0,0,0,0,0,1,0,0,1
312,312,1.14856,0.17613386,390.9224,134.17874,0,0,0,0,0,0,1,0,0,1
313,313,1.14858,0.049629856,396.6655,107.01462,0,0,0,0,0,0,1,0,0,1
314,314,1.1485999999999998,0.14358662,399.70718,149.844,0,0,0,0,0,0,1,0,0,1
315,315,1.14862,0.2291499,403.8155,147.259,0,0,0,0,0,0,1,0,0,1
316,316,1.14864,-0.102533095,410.9443,107.26666,0,0,0,0,0,0,1,0,0,1
317,317,1.14866,1.1934875,411.13016,154.17276,0,0,0,0,0,0,1,0,0,1
318,318,1.14868,1.234921,418.11148,137.1493,0,0,0,0,0,0,1,0,0,1
319,319,1.1487,1.1924207,421.7089,86.395355,0,0,0,0,0,0,1,0,0,1
320,320,1.14872,0.3965346,424.8788,98.109024,0,0,0,0,0,0,1,0,0,1
321,321,1.14874,-0.55380535,428.95038,103.76408,0,0,0,0,0,0,1,0,0,1
322,322,1.14876,-0.6796896,433.90106,103.54582,0,0,0,0,0,0,1,0,0,1
323,323,1.14878,-1.2250055,437.50446,92.39897,0,0,0,0,0,0,1,0,0,1
324,324,1.1488,-0.2146133,440.69412,168.78424,0,0,0,0,0,0,1,0,0,1
325,325,1.14882,0.29840535,445.5374,135.74115,0,0,0,0,0,0,1,0,0,1
326,326,1.14884,-0.6607831,447.28198,120.945175,0,0,0,0,0,0,1,0,0,1
327,327,1.14886,-0.30112702,452.85007,95.96329,0,0,0,0,0,0,1,0,0,1
328,328,1.14888,-1.9093102,456.1593,120.14397,0,0,0,0,0,0,1,0,0,1
329,329,1.1489,0.55398,459.57224,123.6887,0,0,0,0,0,0,1,0,0,1
330,330,1.14892,-0.84819764,462.83032,104.61778,0,0,0,0,0,0,1,0,0,1
331,331,1.14894,0.9599773,466.36673,151.65703,0,0,0,0,0,0,1,0,0,1
332,332,1.14896,0.4919873,470.91818,99.08503,0,0,0,0,0,0,1,0,0,1
333,333,1.14898,0.11542192,472.3415,164.76883,0,0,0,0,0,0,1,0,0,1
334,334,1.149,-0.7417948,476.69452,68.176,0,0,0,0,0,0,1,0,0,1
335,335,1.14902,1.162085,480.6386,45.89864,0,0,0,0,0,0,1,0,0,1
336,336,1.1490399999999998,0.28776,483.278,95.76706,0,0,0,0,0,0,1,0,0,1
337,337,1.14906,-0.8308573,484.97623,93.21347,0,0,0,0,0,0,1,0,0,1
338,338,1.14908,-0.44352826,487.9311,94.01616,0,0,0,0,0,0,1,0,0,1
339,339,1.1491,-1.4336046,492.79187,87.28453,0,0,0,0,0,0,1,0,0,1
340,340,1.14912,0.4474071,495.17355,121.858315,0,0,0,0,0,0,1,0,0,1
341,341,1.14914,0.755782,497.67236,84.0896,0,0,0,0,0,0,1,0,0,1
342,342,1.14916,0.4051287,498.545,105.51558,0,0,0,0,0,0,1,0,0,1
343,343,1.14918,-0.0655165,502.13492,82.32772,0,0,0,0,0,0,1,0,0,1
344,344,1.1492,-0.79720926,506.14066,85.81741,0,0,0,0,0,0,1,0,0,1
345,345,1.14922,0.19662762,507.8411,63.810436,0,0,0,0,0,0,1,0,0,1
346,346,1.14924,0.6688354,511.6298,60.07212,0,0,0,0,0,0,1,0,0,1
347,347,1.14926,-0.66389525,512.6577,61.195587,0,0,0,0,0,0,1,0,0,1
348,348,1.14928,-1.2328874,514.70013,78.4487,0,0,0,0,0,0,1,0,0,1
349,349,1.1493,-1.0474082,518.4228,70.5203,0,0,0,0,0,0,1,0,0,1
350,350,1.14932,-1.3498721,518.632,64.332245,0,0,0,0,0,0,1,0,0,1
351,351,1.14934,-0.3523455,521.37213,71.55055,0,0,0,0,0,0,1,0,0,1
352,352,1.14936,-0.52305496,523.7189,53.06418,0,0,0,0,0,0,1,0,0,1
353,353,1.1493799999999998,-0.50205463,527.08136,48.66497,0,0,0,0,0,0,1,0,0,1
354,354,1.1494,-1.5592833,529.84265,62.6717,0,0,0,0,0,0,1,0,0,1
355,355,1.14942,0.20311627,528.4625,60.00985,0,0,0,0,0,0,1,0,0,1
356,356,1.14944,-1.0835425,532.1212,2.155922,0,0,0,0,0,0,1,0,0,1
357,357,1.14946,0.13646097,533.69586,42.854607,0,0,0,0,0,0,1,0,0,1
358,358,1.14948,-0.9316464,536.2991,16.392921,0,0,0,0,0,0,1,0,0,1
359,359,1.1495,-0.6876747,536.75055,70.15993,0,0,0,0,0,0,1,0,0,1
360,360,1.14952,0.4239344,538.283,33.024246,0,0,0,0,0,0,1,0,0,1
361,361,1.14954,1.1422162,539.0816,30.739677,0,0,0,0,0,0,1,0,0,1
362,362,1.14956,0.1896336,542.05524,33.31203,0,0,0,0,0,0,1,0,0,1
363,363,1.14958,-0.61968786,543.13184,25.043858,0,0,0,0,0,0,1,0,0,1
364,364,1.1496,1.4995066,543.94324,72.33455,0,0,0,0,0,0,1,0,0,1
365,365,1.14962,-0.66655797,546.31134,39.61115,0,0,0,0,0,0,1,0,0,1
366,366,1.14964,-0.021092063,545.84064,40.50791,0,0,0,0,0,0,1,0,0,1
367,367,1.14966,0.7093735,548.6034,24.801592,0,0,0,0,0,0,1,0,0,1
368,368,1.14968,-0.43620834,549.86365,28.713852,0,0,0,0,0,0,1,0,0,1
369,369,1.1497,0.22418492,547.9083,39.584705,0,0,0,0,0,0,1,0,0,1
370,370,1.14972,0.44848326,549.63556,41.622383,0,0,0,0,0,0,1,0,0,1
371,371,1.14974,0.40311125,551.8993,-3.4428406,0,0,0,0,0,0,1,0,0,1
372,372,1.14976,0.3436327,552.8383,-1.0550079,0,0,0,0,0,0,1,0,0,1
373,373,1.14978,-0.43970925,552.22217,53.3415,0,0,0,0,0,0,1,0,0,1
374,374,1.1498,-0.7313989,554.126,-1.7356663,0,0,0,0,0,0,1,0,0,1
375,375,1.1498199999999998,1.3357351,553.4409,19.807266,0,0,0,0,0,0,1,0,0,1
376,376,1.14984,1.0614909,553.71655,25.15052,0,0,0,0,0,0,1,0,0,1
377,377,1.14986,0.3733989,555.8186,8.062921,0,0,0,0,0,0,1,0,0,1
378,378,1.14988,0.02784986,555.0,6.4376535,0,0,0,0,0,0,1,0,0,1
379,379,1.1499,0.029187946,556.5111,34.705605,0,0,0,0,0,0,1,0,0,1
380,380,1.14992,0.90312815,557.9506,-5.7438045,0,0,0,0,0,0,1,0,0,1
381,381,1.14994,-1.3457404,558.84406,-22.324507,0,0,0,0,0,0,1,0,0,1
382,382,1.14996,-0.726485,555.8415,17.269598,0,0,0,0,0,0,1,0,0,1
383,383,1.14998,-1.6531776,557.1624,17.071735,0,0,0,0,0,0,1,0,0,1
384,384,1.15,-0.16433139,556.4515,-32.21149,0,0,0,0,0,0,1,0,0,1
385,385,1.15002,-0.8761592,557.6277,-12.565861,0,0,0,0,0,0,1,0,0,1
386,386,1.15004,-0.25552982,557.28156,-5.712727,0,0,0,0,0,0,1,0,0,1
387,387,1.15006,-0.6151913,556.80426,3.958259,0,0,0,0,0,0,1,0,0,1
388,388,1.15008,0.54096407,556.60205,-5.7729416,0,0,0,0,0,0,1,0,0,1
389,389,1.1501,0.1784686,555.5778,-31.381622,0,0,0,0,0,0,1,0,0,1
390,390,1.15012,-0.7523125,556.31635,-32.41723,0,0,0,0,0,0,1,0,0,1
391,391,1.15014,-0.9771573,554.8656,14.718107,0,0,0,0,0,0,1,0,0,1
392,392,1.1501599999999998,-0.7651487,555.1363,13.3185625,0,0,0,0,0,0,1,0,0,1
393,393,1.15018,1.8409456,553.7165,-12.357155,0,0,0,0,0,0,1,0,0,1
394,394,1.1502,-0.02101246,552.9288,-31.120462,0,0,0,0,0,0,1,0,0,1
395,395,1.15022,0.73881996,553.55585,-37.066265,0,0,0,0,0,0,1,0,0,1
396,396,1.15024,0.23232311,552.56866,-9.006693,0,0,0,0,0,0,1,0,0,1
397,397,1.1502599999999998,-0.6961908,552.0017,-30.340767,0,0,0,0,0,0,1,0,0,1
398,398,1.15028,-0.07744873,550.37683,-10.72802,0,0,0,0,0,0,1,0,0,1
399,399,1.1503,1.2968001,550.1168,-26.936962,0,0,0,0,0,0,1,0,0,1
400,400,1.15032,-0.22979388,549.8444,-15.50667,0,0,0,0,0,0,1,0,0,1
401,401,1.1503316167654551,-0.70807207,548.2698,-56.05966,0,0,0,0,0,0,1,0,0,1
