Unnamed: 0.1,Unnamed: 0,Time / s,Vo:Measured voltage,IL:Measured current,Vin:Measured voltage,open1_time,open2_time,open3,open4,short1_time,short2_time,short3,short4,OPEN,SHORT
0,0,1.1067388222097458,410.8979,10.842903,277.56708,0,0,0,0,0,0,0,0,0,0
1,1,1.10674,410.2731,10.275366,281.1973,0,0,0,0,0,0,0,0,0,0
2,2,1.10676,413.1263,10.369407,249.48366,0,0,0,0,0,0,0,0,0,0
3,3,1.10678,410.77524,12.883064,232.0328,0,0,0,0,0,0,0,0,0,0
4,4,1.1068,411.6068,12.896585,250.00992,0,0,0,0,0,0,0,0,0,0
5,5,1.10682,411.1063,11.629975,225.22983,0,0,0,0,0,0,0,0,0,0
6,6,1.10684,411.12827,9.460816,265.7521,0,0,0,0,0,0,0,0,0,0
7,7,1.10686,412.31146,11.076413,249.61055,0,0,0,0,0,0,0,0,0,0
8,8,1.10688,409.99512,11.888922,280.34982,0,0,0,0,0,0,0,0,0,0
9,9,1.1069,410.48495,10.701972,245.83179,0,0,0,0,0,0,0,0,0,0
10,10,1.10692,414.08957,12.1573105,198.80954,0,0,0,0,0,0,0,0,0,0
11,11,1.10694,411.48428,10.439449,241.58046,0,0,0,0,0,0,0,0,0,0
12,12,1.10696,412.1439,8.663988,272.68423,0,0,0,0,0,0,0,0,0,0
13,13,1.10698,410.8834,11.643147,228.74326,0,0,0,0,0,0,0,0,0,0
14,14,1.107,412.49292,10.775279,225.26064,0,0,0,0,0,0,0,0,0,0
15,15,1.10702,409.76987,9.697504,268.0724,0,0,0,0,0,0,0,0,0,0
16,16,1.10704,412.20523,9.248238,259.51138,0,0,0,0,0,0,0,0,0,0
17,17,1.10706,412.09262,10.20096,260.4106,0,0,0,0,0,0,0,0,0,0
18,18,1.1070799999999998,412.5878,9.45478,271.40732,0,0,0,0,0,0,0,0,0,0
19,19,1.1071,411.6711,9.420059,299.06094,0,0,0,0,0,0,0,0,0,0
20,20,1.10712,410.68585,9.508358,238.40372,0,0,0,0,0,0,0,0,0,0
21,21,1.10714,411.06766,11.389788,225.97092,0,0,0,0,0,0,0,0,0,0
22,22,1.10716,411.72763,10.286907,281.75378,0,0,0,0,0,0,0,0,0,0
23,23,1.10718,411.89737,11.531486,250.74806,0,0,0,0,0,0,0,0,0,0
24,24,1.1072,412.30762,9.905623,192.71101,0,0,0,0,0,0,0,0,0,0
25,25,1.10722,412.3249,11.120313,253.89409,0,0,0,0,0,0,0,0,0,0
26,26,1.10724,410.64035,10.132723,215.02148,0,0,0,0,0,0,0,0,0,0
27,27,1.10726,410.40387,12.932915,253.84616,0,0,0,0,0,0,0,0,0,0
28,28,1.10728,412.34933,9.402635,267.26843,0,0,0,0,0,0,0,0,0,0
29,29,1.1073,411.49124,9.800716,238.58794,0,0,0,0,0,0,0,0,0,0
30,30,1.10732,410.8508,9.950548,238.23305,0,0,0,0,0,0,0,0,0,0
31,31,1.10734,412.50055,9.77898,251.80855,0,0,0,0,0,0,0,0,0,0
32,32,1.10736,410.9489,9.816364,180.29219,0,0,0,0,0,0,0,0,0,0
33,33,1.10738,411.53058,10.740376,249.8133,0,0,0,0,0,0,0,0,0,0
34,34,1.1074,413.50986,10.077789,189.55919,0,0,0,0,0,0,0,0,0,0
35,35,1.1074199999999998,411.57455,8.662757,279.88657,0,0,0,0,0,0,0,0,0,0
36,36,1.10744,410.63748,6.928049,178.26042,0,0,0,0,0,0,0,0,0,0
37,37,1.10746,410.96957,8.629043,209.4465,0,0,0,0,0,0,0,0,0,0
38,38,1.10748,411.37155,9.154438,219.0485,0,0,0,0,0,0,0,0,0,0
39,39,1.1075,412.1154,7.424773,221.22089,0,0,0,0,0,0,0,0,0,0
40,40,1.10752,410.87955,8.175739,232.34798,0,0,0,0,0,0,0,0,0,0
41,41,1.10754,412.33734,8.975003,237.63513,0,0,0,0,0,0,0,0,0,0
42,42,1.10756,408.6619,8.168736,217.89133,0,0,0,0,0,0,0,0,0,0
43,43,1.10758,410.26492,7.581857,257.9275,0,0,0,0,0,0,0,0,0,0
44,44,1.1076,411.9571,7.5737042,220.45267,0,0,0,0,0,0,0,0,0,0
45,45,1.10762,412.2554,9.903574,195.72081,0,0,0,0,0,0,0,0,0,0
46,46,1.10764,409.483,8.106099,251.11232,0,0,0,0,0,0,0,0,0,0
47,47,1.10766,412.22986,10.081245,233.744,0,0,0,0,0,0,0,0,0,0
48,48,1.10768,410.28894,10.142561,193.89973,0,0,0,0,0,0,0,0,0,0
49,49,1.1077,412.81128,8.210181,227.39526,0,0,0,0,0,0,0,0,0,0
50,50,1.10772,410.76062,7.8470383,243.74991,0,0,0,0,0,0,0,0,0,0
51,51,1.10774,410.11627,8.944009,206.41278,0,0,0,0,0,0,0,0,0,0
52,52,1.10776,413.06784,8.978532,200.09276,0,0,0,0,0,0,0,0,0,0
53,53,1.10778,409.97168,10.152237,218.7178,0,0,0,0,0,0,0,0,0,0
54,54,1.1078,410.886,9.555744,157.5822,0,0,0,0,0,0,0,0,0,0
55,55,1.10782,410.2332,7.527484,214.0328,0,0,0,0,0,0,0,0,0,0
56,56,1.10784,412.06674,8.3023615,228.20349,0,0,0,0,0,0,0,0,0,0
57,57,1.1078599999999998,413.15292,7.191511,159.77026,0,0,0,0,0,0,0,0,0,0
58,58,1.10788,413.7453,7.333674,197.67929,0,0,0,0,0,0,0,0,0,0
59,59,1.1079,410.42816,8.084362,175.58298,0,0,0,0,0,0,0,0,0,0
60,60,1.10792,409.63785,9.482676,191.52174,0,0,0,0,0,0,0,0,0,0
61,61,1.10794,411.05273,7.772942,201.96234,0,0,0,0,0,0,0,0,0,0
62,62,1.10796,412.7037,6.1868887,157.73952,0,0,0,0,0,0,0,0,0,0
63,63,1.10798,409.9292,7.1882124,235.29921,0,0,0,0,0,0,0,0,0,0
64,64,1.108,410.7525,7.67808,198.75502,0,0,0,0,0,0,0,0,0,0
65,65,1.10802,410.9968,8.634105,185.0264,0,0,0,0,0,0,0,0,0,0
66,66,1.10804,410.50705,8.968931,207.8759,0,0,0,0,0,0,0,0,0,0
67,67,1.10806,411.32956,8.030127,220.05118,0,0,0,0,0,0,0,0,0,0
68,68,1.10808,411.10056,5.931155,162.72035,0,0,0,0,0,0,0,0,0,0
69,69,1.1081,410.67297,6.3183837,186.86923,0,0,0,0,0,0,0,0,0,0
70,70,1.10812,412.4593,7.3373985,182.65242,0,0,0,0,0,0,0,0,0,0
71,71,1.10814,409.72266,5.941019,154.04747,0,0,0,0,0,0,0,0,0,0
72,72,1.10816,411.66995,6.7355394,167.1663,0,0,0,0,0,0,0,0,0,0
73,73,1.10818,411.48407,7.3247614,179.40451,0,0,0,0,0,0,0,0,0,0
74,74,1.1082,409.10898,9.21773,132.50484,0,0,0,0,0,0,0,0,0,0
75,75,1.10822,409.253,6.9645514,189.44112,0,0,0,0,0,0,0,0,0,0
76,76,1.10824,410.68613,5.826219,195.90814,0,0,0,0,0,0,0,0,0,0
77,77,1.10826,408.6562,6.6896167,154.11638,0,0,0,0,0,0,0,0,0,0
78,78,1.10828,410.1841,7.756671,85.42437,0,0,0,0,0,0,0,0,0,0
79,79,1.1082999999999998,409.6909,9.289594,179.74046,0,0,0,0,0,0,0,0,0,0
80,80,1.10832,408.5733,7.5603676,133.24188,0,0,0,0,0,0,0,0,0,0
81,81,1.10834,410.82608,7.700288,165.69006,0,0,0,0,0,0,0,0,0,0
82,82,1.10836,409.23267,7.48463,145.60345,0,0,0,0,0,0,0,0,0,0
83,83,1.10838,410.96396,5.7173448,152.15448,0,0,0,0,0,0,0,0,0,0
84,84,1.1084,409.26053,7.6669793,176.89583,0,0,0,0,0,0,0,0,0,0
85,85,1.10842,410.81567,4.3276396,120.8701,0,0,0,0,0,0,0,0,0,0
86,86,1.10844,409.0928,4.840018,130.4314,0,0,0,0,0,0,0,0,0,0
87,87,1.10846,410.23877,5.228168,156.4076,0,0,0,0,0,0,0,0,0,0
88,88,1.10848,407.9145,5.3570466,112.96823,0,0,0,0,0,0,0,0,0,0
89,89,1.1085,408.01486,5.0722456,139.54524,0,0,0,0,0,0,0,0,0,0
90,90,1.10852,408.06644,5.383511,171.18018,0,0,0,0,0,0,0,0,0,0
91,91,1.10854,409.0024,6.8944116,106.5642,0,0,0,0,0,0,0,0,0,0
92,92,1.10856,408.51083,3.4499598,135.17693,0,0,0,0,0,0,0,0,0,0
93,93,1.10858,408.84158,5.6534386,125.61862,0,0,0,0,0,0,0,0,0,0
94,94,1.1086,409.47717,4.458065,156.13718,0,0,0,0,0,0,0,0,0,0
95,95,1.10862,407.50055,4.310472,122.02698,0,0,0,0,0,0,0,0,0,0
96,96,1.1086399999999998,410.42557,4.875682,145.05687,0,0,0,0,0,0,0,0,0,0
97,97,1.10866,406.1435,3.093629,109.91414,0,0,0,0,0,0,0,0,0,0
98,98,1.10868,408.85532,4.1920996,178.26636,0,0,0,0,0,0,0,0,0,0
99,99,1.1087,410.1029,5.9880786,134.29337,0,0,0,0,0,0,0,0,0,0
100,100,1.10872,407.9992,6.343902,192.59132,0,0,0,0,0,0,0,0,0,0
101,101,1.10874,407.32047,5.0915313,158.11992,0,0,0,0,0,0,0,0,0,0
102,102,1.10876,405.79816,3.1584716,129.71672,0,0,0,0,0,0,0,0,0,0
103,103,1.10878,408.31656,3.7936673,93.86263,0,0,0,0,0,0,0,0,0,0
104,104,1.1088,408.31152,3.931795,161.06194,0,0,0,0,0,0,0,0,0,0
105,105,1.10882,407.4241,5.1548295,103.92056,0,0,0,0,0,0,0,0,0,0
106,106,1.10884,404.78622,4.125139,140.63269,0,0,0,0,0,0,0,0,0,0
107,107,1.10886,406.6016,3.4464278,86.75641,0,0,0,0,0,0,0,0,0,0
108,108,1.10888,406.56937,4.4105115,141.1951,0,0,0,0,0,0,0,0,0,0
109,109,1.1089,407.07324,3.0453403,70.49703,0,0,0,0,0,0,0,0,0,0
110,110,1.10892,407.5014,3.9138324,44.12571,0,0,0,0,0,0,0,0,0,0
111,111,1.10894,406.63086,5.32278,122.46286,0,0,0,0,0,0,0,0,0,0
112,112,1.10896,405.18253,4.0941777,118.88086,0,0,0,0,0,0,0,0,0,0
113,113,1.10898,405.30774,6.895521,85.328064,0,0,0,0,0,0,0,0,0,0
114,114,1.109,405.28748,2.6914,33.954926,0,0,0,0,0,0,0,0,0,0
115,115,1.10902,406.87247,3.1008427,89.65783,0,0,0,0,0,0,0,0,0,0
116,116,1.10904,405.47153,4.4425573,112.47099,0,0,0,0,0,0,0,0,0,0
117,117,1.10906,407.09494,4.2078695,119.17428,0,0,0,0,0,0,0,0,0,0
118,118,1.1090799999999998,407.0526,3.5943322,83.162796,0,0,0,0,0,0,0,0,0,0
119,119,1.1091,407.90707,2.8038363,69.82091,0,0,0,0,0,0,0,0,0,0
120,120,1.10912,405.93063,3.6601512,54.190395,0,0,0,0,0,0,0,0,0,0
121,121,1.10914,406.45526,3.9772704,146.20403,0,0,0,0,0,0,0,0,0,0
122,122,1.10916,405.0797,3.7441576,23.791698,0,0,0,0,0,0,0,0,0,0
123,123,1.10918,406.26697,4.171326,72.31874,0,0,0,0,0,0,0,0,0,0
124,124,1.1092,404.864,2.1240516,81.34745,0,0,0,0,0,0,0,0,0,0
125,125,1.10922,405.29694,3.209202,47.99437,0,0,0,0,0,0,0,0,0,0
126,126,1.10924,405.3967,3.2949066,85.84024,0,0,0,0,0,0,0,0,0,0
127,127,1.10926,404.33173,3.9394462,96.86574,0,0,0,0,0,0,0,0,0,0
128,128,1.10928,405.86758,2.5512516,86.01094,0,0,0,0,0,0,0,0,0,0
129,129,1.1093,404.08643,3.499465,73.276955,0,0,0,0,0,0,0,0,0,0
130,130,1.10932,403.20245,2.010022,65.354065,0,0,0,0,0,0,0,0,0,0
131,131,1.10934,403.81195,1.4489734,44.4653,0,0,0,0,0,0,0,0,0,0
132,132,1.10936,401.62625,1.9668347,95.32199,0,0,0,0,0,0,0,0,0,0
133,133,1.10938,402.69107,1.1518908,85.91903,0,0,0,0,0,0,0,0,0,0
134,134,1.1094,402.29614,2.6059382,84.94691,0,0,0,0,0,0,0,0,0,0
135,135,1.10942,402.44708,0.072375774,65.3281,0,0,0,0,0,0,0,0,0,0
136,136,1.10944,402.87503,1.855972,22.099834,0,0,0,0,0,0,0,0,0,0
137,137,1.10946,403.68436,1.6285057,77.89592,0,0,0,0,0,0,0,0,0,0
138,138,1.10948,404.08908,2.5443752,12.739979,0,0,0,0,0,0,0,0,0,0
139,139,1.1095,402.2642,3.7252545,61.44451,0,0,0,0,0,0,0,0,0,0
140,140,1.1095199999999998,404.01437,0.11936343,18.085268,0,0,0,0,0,0,0,0,0,0
141,141,1.10954,402.7705,0.30563414,75.48395,0,0,0,0,0,0,0,0,0,0
142,142,1.10956,401.80283,2.931789,31.600925,0,0,0,0,0,0,0,0,0,0
143,143,1.10958,402.8646,1.4108723,32.89065,0,0,0,0,0,0,0,0,0,0
144,144,1.1096,402.44342,0.5293689,47.16018,0,0,0,0,0,0,0,0,0,0
145,145,1.10962,402.6369,2.2029295,21.775036,0,0,0,0,0,0,0,0,0,0
146,146,1.10964,403.90256,0.9876704,13.781824,0,0,0,0,0,0,0,0,0,0
147,147,1.10966,400.80524,0.9489931,6.4016075,0,0,0,0,0,0,0,0,0,0
148,148,1.10968,402.08035,2.364182,54.622036,0,0,0,0,0,0,0,0,0,0
149,149,1.1097,399.66483,1.6557661,4.9244423,0,0,0,0,0,0,0,0,0,0
150,150,1.10972,401.99918,1.1414504,38.02282,0,0,0,0,0,0,0,0,0,0
151,151,1.10974,402.09814,2.0437245,1.1197834,0,0,0,0,0,0,0,0,0,0
152,152,1.10976,402.094,-0.09122503,51.708023,0,0,0,0,0,0,0,0,0,0
153,153,1.10978,399.7347,0.2661209,38.768642,0,0,0,0,0,0,0,0,0,0
154,154,1.1098,399.73843,-0.8878095,6.943964,0,0,0,0,0,0,0,0,0,0
155,155,1.10982,400.02502,0.9486706,58.67887,0,0,0,0,0,0,0,0,0,0
156,156,1.10984,399.29446,0.21364856,-20.054539,0,0,0,0,0,0,0,0,0,0
157,157,1.1098599999999998,400.84497,-0.27073383,46.978054,0,0,0,0,0,0,0,0,0,0
158,158,1.10988,400.57236,-1.8365272,37.934326,0,0,0,0,0,0,0,0,0,0
159,159,1.1099,400.50378,1.2751017,9.178158,0,0,0,0,0,0,0,0,0,0
160,160,1.10992,400.00836,-1.6587508,-54.41119,0,0,0,0,0,0,0,0,0,0
161,161,1.10994,398.19992,0.06610905,-34.56013,0,0,0,0,0,0,0,0,0,0
162,162,1.10996,398.69925,-0.6715864,5.3573794,0,0,0,0,0,0,0,0,0,0
163,163,1.10998,397.33026,0.4522091,-82.80538,0,0,0,0,0,0,0,0,0,0
164,164,1.11,400.02676,-0.12264808,-35.358307,0,0,0,0,0,0,0,0,0,0
165,165,1.11002,401.77618,-0.54436374,23.090363,0,0,0,0,0,0,0,0,0,0
166,166,1.11004,397.62668,-2.1918068,1.8710399,0,0,0,0,0,0,0,0,0,0
167,167,1.11006,398.34274,-1.0673664,-8.076851,0,0,0,0,0,0,0,0,0,0
168,168,1.11008,397.73257,-0.45507848,-25.873274,0,0,0,0,0,0,0,0,0,0
169,169,1.1101,397.75485,-1.0897046,-36.087795,0,0,0,0,0,0,0,0,0,0
170,170,1.11012,399.39905,-2.167523,1.7998352,0,0,0,0,0,0,0,0,0,0
171,171,1.11014,397.78235,-0.29775825,-29.202135,0,0,0,0,0,0,0,0,0,0
172,172,1.11016,398.40866,-0.10640222,-6.935235,0,0,0,0,0,0,0,0,0,0
173,173,1.11018,398.41718,0.17531681,-36.746613,0,0,0,0,0,0,0,0,0,0
174,174,1.1102,396.57617,-1.3702925,7.629383,0,0,0,0,0,0,0,0,0,0
175,175,1.11022,396.53546,-0.48913375,-34.632084,0,0,0,0,0,0,0,0,0,0
176,176,1.11024,397.4014,-1.6692183,-75.55578,0,0,0,0,0,0,0,0,0,0
177,177,1.11026,398.11725,-1.423385,-51.36804,0,0,0,0,0,0,0,0,0,0
178,178,1.11028,397.05563,-2.3044715,-61.745056,0,0,0,0,0,0,0,0,0,0
179,179,1.1102999999999998,397.10037,0.6160358,-65.549774,0,0,0,0,0,0,0,0,0,0
180,180,1.11032,397.28375,-1.4141169,-56.828712,0,0,0,0,0,0,0,0,0,0
181,181,1.11034,396.69885,-2.7134864,-57.28524,0,0,0,0,0,0,0,0,0,0
182,182,1.11036,395.08163,-1.6627018,-4.8670177,0,0,0,0,0,0,0,0,0,0
183,183,1.11038,395.1001,-2.0510142,-64.13852,0,0,0,0,0,0,0,0,0,0
184,184,1.1104,395.82498,-3.3570318,-6.3821487,0,0,0,0,0,0,0,0,0,0
185,185,1.11042,396.45398,-1.6037198,-45.05555,0,0,0,0,0,0,0,0,0,0
186,186,1.11044,396.2187,-2.4000745,-51.657623,0,0,0,0,0,0,0,0,0,0
187,187,1.11046,396.08722,-2.2047367,-28.062872,0,0,0,0,0,0,0,0,0,0
188,188,1.11048,396.01328,-0.9841953,-35.464733,0,0,0,0,0,0,0,0,0,0
189,189,1.1105,395.84583,-1.793919,-57.785355,0,0,0,0,0,0,0,0,0,0
190,190,1.11052,395.55304,-2.2884023,-58.549866,0,0,0,0,0,0,0,0,0,0
191,191,1.11054,395.03754,-2.0095332,-56.583847,0,0,0,0,0,0,0,0,0,0
192,192,1.11056,396.85815,-1.0041028,-43.292812,0,0,0,0,0,0,0,0,0,0
193,193,1.11058,396.39932,-2.6187375,-49.682392,0,0,0,0,0,0,0,0,0,0
194,194,1.1106,394.13962,-1.9947872,-59.9191,0,0,0,0,0,0,0,0,0,0
195,195,1.11062,395.97546,-2.1315432,-75.39472,0,0,0,0,0,0,0,0,0,0
196,196,1.1106399999999998,394.26044,-2.1217797,-27.055408,0,0,0,0,0,0,0,0,0,0
197,197,1.11066,394.38483,-3.2654102,-72.8221,0,0,0,0,0,0,0,0,0,0
198,198,1.11068,395.75656,-1.6369584,-34.455566,0,0,0,0,0,0,0,0,0,0
199,199,1.1107,393.59274,-3.5401106,-59.347206,0,0,0,0,0,0,0,0,0,0
200,200,1.11072,394.58057,-3.0575964,-37.416626,0,0,0,0,0,0,0,0,0,0
201,201,1.11074,395.51263,-3.0781462,-66.69447,0,0,0,0,0,0,0,0,0,0
202,202,1.11076,392.9371,-3.2922392,-121.58159,0,0,0,0,0,0,0,0,0,0
203,203,1.11078,394.53717,-4.2105985,-67.96887,0,0,0,0,0,0,0,0,0,0
204,204,1.1108,394.04968,-3.7589302,-17.250134,0,0,0,0,0,0,0,0,0,0
205,205,1.11082,393.35736,-4.268499,-36.92,0,0,0,0,0,0,0,0,0,0
206,206,1.11084,392.88138,-4.3222313,-38.246193,0,0,0,0,0,0,0,0,0,0
207,207,1.11086,392.2883,-3.4238057,-76.71311,0,0,0,0,0,0,0,0,0,0
208,208,1.11088,392.09103,-3.0930035,-65.62986,0,0,0,0,0,0,0,0,0,0
209,209,1.1109,392.96014,-3.7999742,-85.10113,0,0,0,0,0,0,0,0,0,0
210,210,1.11092,393.15366,-4.783094,-118.6703,0,0,0,0,0,0,0,0,0,0
211,211,1.11094,391.74,-6.614462,-90.178185,0,0,0,0,0,0,0,0,0,0
212,212,1.11096,392.0022,-4.4581966,-85.37772,0,0,0,0,0,0,0,0,0,0
213,213,1.11098,392.60693,-5.577687,-70.791275,0,0,0,0,0,0,0,0,0,0
214,214,1.111,391.92667,-3.6581473,-126.86761,0,0,0,0,0,0,0,0,0,0
215,215,1.11102,391.28113,-3.0807347,-108.30063,0,0,0,0,0,0,0,0,0,0
216,216,1.11104,393.2363,-5.7163057,-78.45562,0,0,0,0,0,0,0,0,0,0
217,217,1.11106,390.5479,-4.666292,-93.35186,0,0,0,0,0,0,0,0,0,0
218,218,1.1110799999999998,393.86972,-4.3924575,-166.83392,0,0,0,0,0,0,0,0,0,0
219,219,1.1111,393.0784,-3.4734986,-50.419556,0,0,0,0,0,0,0,0,0,0
220,220,1.11112,390.44385,-3.8886223,-113.2773,0,0,0,0,0,0,0,0,0,0
221,221,1.11114,390.58594,-4.236965,-136.82066,0,0,0,0,0,0,0,0,0,0
222,222,1.11116,390.9206,-2.3877816,-84.91054,0,0,0,0,0,0,0,0,0,0
223,223,1.11118,391.7802,-7.3789077,-165.20459,0,0,0,0,0,0,0,0,0,0
224,224,1.1112,390.1393,-4.322433,-98.21977,0,0,0,0,0,0,0,0,0,0
225,225,1.11122,391.40143,-3.0863237,-149.81029,0,0,0,0,0,0,0,0,0,0
226,226,1.11124,390.94437,-4.8868217,-107.23187,0,0,0,0,0,0,0,0,0,0
227,227,1.11126,391.5734,-3.3325906,-146.23573,0,0,0,0,0,0,0,0,0,0
228,228,1.11128,391.60977,-4.4842362,-52.061836,0,0,0,0,0,0,0,0,0,0
229,229,1.1113,391.0223,-2.932532,-128.32593,0,0,0,0,0,0,0,0,0,0
230,230,1.11132,389.1542,-4.9862723,-155.99266,0,0,0,0,0,0,0,0,0,0
231,231,1.11134,391.1642,-3.4769638,-119.86099,0,0,0,0,0,0,0,0,0,0
232,232,1.11136,390.77386,-6.128794,-115.272446,0,0,0,0,0,0,0,0,0,0
233,233,1.11138,390.04944,-5.3601,-97.14281,0,0,0,0,0,0,0,0,0,0
234,234,1.1114,390.67508,-6.4902873,-83.24431,0,0,0,0,0,0,0,0,0,0
235,235,1.11142,390.40427,-8.3167095,-94.00763,0,0,0,0,0,0,0,0,0,0
236,236,1.11144,389.73056,-4.957122,-166.58081,0,0,0,0,0,0,0,0,0,0
237,237,1.11146,392.2228,-5.2628984,-109.67914,0,0,0,0,0,0,0,0,0,0
238,238,1.11148,388.8628,-6.46997,-144.9289,0,0,0,0,0,0,0,0,0,0
239,239,1.1115,389.46774,-4.9101915,-95.27528,0,0,0,0,0,0,0,0,0,0
240,240,1.1115199999999998,390.20465,-4.7691464,-98.865105,0,0,0,0,0,0,0,0,0,0
241,241,1.11154,387.9012,-5.230715,-153.16061,0,0,0,0,0,0,0,0,0,0
242,242,1.11156,389.10703,-6.8612285,-153.43398,0,0,0,0,0,0,0,0,0,0
243,243,1.11158,388.29932,-6.7492547,-81.82043,0,0,0,0,0,0,0,0,0,0
244,244,1.1116,389.83096,-7.7326,-138.20628,0,0,0,0,0,0,0,0,0,0
245,245,1.11162,389.0323,-7.3124948,-150.42029,0,0,0,0,0,0,0,0,0,0
246,246,1.11164,388.44574,-6.746879,-121.16824,0,0,0,0,0,0,0,0,0,0
247,247,1.11166,388.56006,-5.904986,-119.87317,0,0,0,0,0,0,0,0,0,0
248,248,1.11168,387.19205,-6.887234,-186.33919,0,0,0,0,0,0,0,0,0,0
249,249,1.1117,389.50424,-5.4714966,-133.91394,0,0,0,0,0,0,0,0,0,0
250,250,1.11172,388.3294,-5.935212,-145.19804,0,0,0,0,0,0,0,0,0,0
251,251,1.11174,389.4212,1.2265534,-143.71365,0,1,0,0,0,0,0,0,1,0
252,252,1.11176,387.05814,-0.3628168,-132.6425,0,1,0,0,0,0,0,0,1,0
253,253,1.11178,386.02097,-0.027741035,-186.59169,0,1,0,0,0,0,0,0,1,0
254,254,1.1118,387.23712,-1.5681803,-198.13019,0,1,0,0,0,0,0,0,1,0
255,255,1.11182,387.29535,-0.32535952,-181.19145,0,1,0,0,0,0,0,0,1,0
256,256,1.11184,388.70743,0.30446497,-183.40508,0,1,0,0,0,0,0,0,1,0
257,257,1.1118599999999998,387.15353,-0.12781435,-147.69713,0,1,0,0,0,0,0,0,1,0
258,258,1.11188,388.08212,1.8525242,-209.6239,0,1,0,0,0,0,0,0,1,0
259,259,1.1119,386.474,1.6867924,-177.01607,0,1,0,0,0,0,0,0,1,0
260,260,1.11192,387.08264,0.39503777,-158.43399,0,1,0,0,0,0,0,0,1,0
261,261,1.11194,386.79697,-3.0267704,-156.60623,0,1,0,0,0,0,0,0,1,0
262,262,1.11196,386.59375,-2.3002121,-177.03899,0,1,0,0,0,0,0,0,1,0
263,263,1.11198,388.1495,-4.025583,-170.7755,0,1,0,0,0,0,0,0,1,0
264,264,1.112,387.17044,-3.6493552,-167.41554,0,1,0,0,0,0,0,0,1,0
265,265,1.11202,387.54218,-3.81044,-176.9339,0,1,0,0,0,0,0,0,1,0
266,266,1.11204,388.0594,-2.40005,-157.16469,0,1,0,0,0,0,0,0,1,0
267,267,1.11206,386.2056,-2.090799,-146.6886,0,1,0,0,0,0,0,0,1,0
268,268,1.11208,386.0739,-5.6860967,-148.28554,0,1,0,0,0,0,0,0,1,0
269,269,1.1121,384.28848,-2.8395553,-210.02715,0,1,0,0,0,0,0,0,1,0
270,270,1.11212,386.27948,-7.394855,-200.33197,0,1,0,0,0,0,0,0,1,0
271,271,1.11214,385.44272,-3.2871368,-173.11334,0,1,0,0,0,0,0,0,1,0
272,272,1.11216,386.94147,0.33984748,-228.30548,0,1,0,0,0,0,0,0,1,0
273,273,1.11218,385.18314,-6.5195737,-231.40701,0,1,0,0,0,0,0,0,1,0
274,274,1.1122,384.7099,-3.4823139,-225.90308,0,1,0,0,0,0,0,0,1,0
275,275,1.11222,384.6123,-0.41935977,-239.81146,0,1,0,0,0,0,0,0,1,0
276,276,1.11224,385.13147,-6.2060437,-227.32487,0,1,0,0,0,0,0,0,1,0
277,277,1.11226,385.6925,-2.4330454,-179.21346,0,1,0,0,0,0,0,0,1,0
278,278,1.11228,386.23398,1.4542816,-214.02965,0,1,0,0,0,0,0,0,1,0
279,279,1.1122999999999998,383.95773,-8.217979,-212.11977,0,1,0,0,0,0,0,0,1,0
280,280,1.11232,386.7646,-3.996583,-215.22218,0,1,0,0,0,0,0,0,1,0
281,281,1.11234,386.1346,-11.199829,-198.66309,0,1,0,0,0,0,0,0,1,0
282,282,1.11236,383.55612,-1.8578892,-209.15984,0,1,0,0,0,0,0,0,1,0
283,283,1.11238,382.05014,-10.536592,-165.45172,0,1,0,0,0,0,0,0,1,0
284,284,1.1124,382.65015,-4.2085595,-212.5006,0,1,0,0,0,0,0,0,1,0
285,285,1.11242,383.6333,-10.055415,-202.92233,0,1,0,0,0,0,0,0,1,0
286,286,1.11244,383.4538,-7.316971,-204.04175,0,1,0,0,0,0,0,0,1,0
287,287,1.11246,383.05338,-10.990709,-184.01065,0,1,0,0,0,0,0,0,1,0
288,288,1.11248,384.9861,-4.2102647,-224.08107,0,1,0,0,0,0,0,0,1,0
289,289,1.1125,383.28607,-10.711479,-227.06296,0,1,0,0,0,0,0,0,1,0
290,290,1.11252,382.9903,-2.5763836,-294.93488,0,1,0,0,0,0,0,0,1,0
291,291,1.11254,383.34088,-11.647934,-227.31946,0,1,0,0,0,0,0,0,1,0
292,292,1.11256,382.92014,-2.3819098,-172.95474,0,1,0,0,0,0,0,0,1,0
293,293,1.11258,383.56042,-12.21687,-204.35056,0,1,0,0,0,0,0,0,1,0
294,294,1.1126,381.37146,-4.411191,-211.4537,0,1,0,0,0,0,0,0,1,0
295,295,1.11262,381.76913,-12.642398,-208.28056,0,1,0,0,0,0,0,0,1,0
296,296,1.11264,382.56296,-4.925099,-238.48318,0,1,0,0,0,0,0,0,1,0
297,297,1.11266,380.72763,-11.067347,-250.3629,0,1,0,0,0,0,0,0,1,0
298,298,1.11268,380.7897,-5.081347,-260.48224,0,1,0,0,0,0,0,0,1,0
299,299,1.1127,382.06885,-15.040823,-253.54843,0,1,0,0,0,0,0,0,1,0
300,300,1.11272,379.7284,-4.192666,-264.70212,0,1,0,0,0,0,0,0,1,0
301,301,1.1127399999999998,380.5564,-12.390013,-242.0191,0,1,0,0,0,0,0,0,1,0
302,302,1.11276,381.76834,-3.625985,-215.9312,0,1,0,0,0,0,0,0,1,0
303,303,1.11278,381.08752,-12.440454,-227.21652,0,1,0,0,0,0,0,0,1,0
304,304,1.1128,381.56778,-2.522346,-161.19714,0,1,0,0,0,0,0,0,1,0
305,305,1.11282,379.1414,-13.350706,-236.10175,0,1,0,0,0,0,0,0,1,0
306,306,1.11284,378.60425,-3.9281285,-274.45456,0,1,0,0,0,0,0,0,1,0
307,307,1.11286,379.64963,-13.370896,-224.37825,0,1,0,0,0,0,0,0,1,0
308,308,1.11288,381.7318,-4.8426704,-249.72867,0,1,0,0,0,0,0,0,1,0
309,309,1.1129,380.34183,-9.42741,-229.15201,0,1,0,0,0,0,0,0,1,0
310,310,1.11292,380.92282,-2.2184024,-299.5116,0,1,0,0,0,0,0,0,1,0
311,311,1.11294,380.15875,-13.485172,-214.37787,0,1,0,0,0,0,0,0,1,0
312,312,1.11296,379.8989,-5.5917187,-235.39769,0,1,0,0,0,0,0,0,1,0
313,313,1.11298,379.7182,-12.60297,-252.70973,0,1,0,0,0,0,0,0,1,0
314,314,1.113,380.47958,-3.9289966,-250.86288,0,1,0,0,0,0,0,0,1,0
315,315,1.11302,379.54755,-10.809847,-261.91263,0,1,0,0,0,0,0,0,1,0
316,316,1.11304,381.87656,-2.814294,-287.4011,0,1,0,0,0,0,0,0,1,0
317,317,1.11306,380.6849,-12.992395,-245.58548,0,1,0,0,0,0,0,0,1,0
318,318,1.1130799999999998,380.07278,-5.11815,-228.51341,0,1,0,0,0,0,0,0,1,0
319,319,1.1131,378.7429,-12.302912,-286.0265,0,1,0,0,0,0,0,0,1,0
320,320,1.11312,378.87418,-4.2583165,-232.25203,0,1,0,0,0,0,0,0,1,0
321,321,1.11314,378.2293,-14.449093,-308.8784,0,1,0,0,0,0,0,0,1,0
322,322,1.11316,379.9078,-4.052433,-272.4171,0,1,0,0,0,0,0,0,1,0
323,323,1.11318,376.3589,-14.365667,-270.66815,0,1,0,0,0,0,0,0,1,0
324,324,1.1132,379.0078,-4.746577,-288.42145,0,1,0,0,0,0,0,0,1,0
325,325,1.11322,378.0298,-13.006117,-322.8891,0,1,0,0,0,0,0,0,1,0
326,326,1.11324,378.39688,-5.2344046,-237.40001,0,1,0,0,0,0,0,0,1,0
327,327,1.11326,377.279,-13.473027,-316.47522,0,1,0,0,0,0,0,0,1,0
328,328,1.11328,377.23727,-4.485168,-271.06177,0,1,0,0,0,0,0,0,1,0
329,329,1.1133,376.73306,-13.084101,-260.6064,0,1,0,0,0,0,0,0,1,0
330,330,1.11332,375.2178,-5.0584455,-293.24274,0,1,0,0,0,0,0,0,1,0
331,331,1.11334,376.79337,-13.462279,-295.89407,0,1,0,0,0,0,0,0,1,0
332,332,1.11336,375.4609,-4.153874,-270.745,0,1,0,0,0,0,0,0,1,0
333,333,1.11338,376.34576,-14.1317425,-258.9236,0,1,0,0,0,0,0,0,1,0
334,334,1.1134,375.9177,-6.0371056,-260.9297,0,1,0,0,0,0,0,0,1,0
335,335,1.11342,376.56766,-15.1377735,-280.71695,0,1,0,0,0,0,0,0,1,0
336,336,1.11344,376.59732,-3.8627038,-293.65393,0,1,0,0,0,0,0,0,1,0
337,337,1.11346,375.51898,-13.7724285,-296.04047,0,1,0,0,0,0,0,0,1,0
338,338,1.11348,376.5619,-5.276783,-311.34183,0,1,0,0,0,0,0,0,1,0
339,339,1.1135,378.3564,-14.793916,-281.91434,0,1,0,0,0,0,0,0,1,0
340,340,1.1135199999999998,375.0361,-2.1868317,-212.29526,0,1,0,0,0,0,0,0,1,0
341,341,1.11354,375.2133,-14.49561,-269.70328,0,1,0,0,0,0,0,0,1,0
342,342,1.11356,374.603,-4.8606567,-291.5012,0,1,0,0,0,0,0,0,1,0
343,343,1.11358,375.99387,-17.183699,-265.88168,0,1,0,0,0,0,0,0,1,0
344,344,1.1136,375.40228,-4.9216943,-272.5129,0,1,0,0,0,0,0,0,1,0
345,345,1.11362,374.21085,-16.744425,-240.47005,0,1,0,0,0,0,0,0,1,0
346,346,1.11364,375.18967,-5.6312146,-313.98093,0,1,0,0,0,0,0,0,1,0
347,347,1.11366,373.6714,-15.105977,-245.74174,0,1,0,0,0,0,0,0,1,0
348,348,1.11368,374.30646,-4.8185782,-298.86005,0,1,0,0,0,0,0,0,1,0
349,349,1.1137,373.96024,-14.367546,-312.20926,0,1,0,0,0,0,0,0,1,0
350,350,1.11372,374.30844,-6.690474,-282.39563,0,1,0,0,0,0,0,0,1,0
351,351,1.11374,372.4118,-14.990747,-289.3426,0,1,0,0,0,0,0,0,1,0
352,352,1.11376,373.7575,-4.4333572,-293.49103,0,1,0,0,0,0,0,0,1,0
353,353,1.11378,372.4897,-14.821477,-293.31403,0,1,0,0,0,0,0,0,1,0
354,354,1.1138,374.37457,-4.3289237,-278.67395,0,1,0,0,0,0,0,0,1,0
355,355,1.11382,373.08804,-15.936137,-269.52454,0,1,0,0,0,0,0,0,1,0
356,356,1.11384,372.3365,-4.182315,-252.78897,0,1,0,0,0,0,0,0,1,0
357,357,1.11386,373.68637,-16.19573,-312.13147,0,1,0,0,0,0,0,0,1,0
358,358,1.11388,373.6422,-12.273243,-271.1932,0,1,0,0,0,0,0,0,1,0
359,359,1.1139,373.61188,-0.96839976,-248.71724,0,1,0,0,0,0,0,0,1,0
360,360,1.11392,372.20602,-10.0911875,-336.44046,0,1,0,0,0,0,0,0,1,0
361,361,1.11394,372.7707,-0.59452194,-342.18854,0,1,0,0,0,0,0,0,1,0
362,362,1.1139599999999998,374.01562,-10.280982,-292.4674,0,1,0,0,0,0,0,0,1,0
363,363,1.11398,374.97534,-4.365668,-313.70224,0,1,0,0,0,0,0,0,1,0
364,364,1.114,374.45316,-16.36504,-306.85822,0,1,0,0,0,0,0,0,1,0
365,365,1.11402,371.67758,-4.693962,-291.09897,0,1,0,0,0,0,0,0,1,0
366,366,1.11404,370.738,-13.983856,-302.10004,0,1,0,0,0,0,0,0,1,0
367,367,1.11406,370.96194,-9.636847,-285.10687,0,1,0,0,0,0,0,0,1,0
368,368,1.11408,372.47107,-2.231921,-317.6538,0,1,0,0,0,0,0,0,1,0
369,369,1.1141,371.99844,-8.924568,-309.31482,0,1,0,0,0,0,0,0,1,0
370,370,1.11412,372.3035,-4.3868284,-314.39948,0,1,0,0,0,0,0,0,1,0
371,371,1.11414,371.43094,-14.836988,-263.61417,0,1,0,0,0,0,0,0,1,0
372,372,1.11416,371.15417,-4.8136697,-320.11285,0,1,0,0,0,0,0,0,1,0
373,373,1.11418,371.13425,-15.614765,-340.33987,0,1,0,0,0,0,0,0,1,0
374,374,1.1142,371.23288,-11.796006,-253.26463,0,1,0,0,0,0,0,0,1,0
375,375,1.11422,372.1527,-0.77067715,-309.38153,0,1,0,0,0,0,0,0,1,0
376,376,1.11424,371.43585,-8.819771,-311.1887,0,1,0,0,0,0,0,0,1,0
377,377,1.11426,372.0568,-5.1424503,-273.4839,0,1,0,0,0,0,0,0,1,0
378,378,1.11428,371.16455,-15.180261,-283.3617,0,1,0,0,0,0,0,0,1,0
379,379,1.1142999999999998,370.9592,-6.0875387,-322.57974,0,1,0,0,0,0,0,0,1,0
380,380,1.11432,371.8748,-15.881019,-318.11426,0,1,0,0,0,0,0,0,1,0
381,381,1.11434,370.30722,-11.958744,-332.49258,0,1,0,0,0,0,0,0,1,0
382,382,1.11436,370.3017,-1.7036278,-356.61743,0,1,0,0,0,0,0,0,1,0
383,383,1.11438,370.1159,-10.007756,-324.45892,0,1,0,0,0,0,0,0,1,0
384,384,1.1144,370.0461,-5.3010435,-320.51935,0,1,0,0,0,0,0,0,1,0
385,385,1.11442,367.88174,-15.573162,-289.8186,0,1,0,0,0,0,0,0,1,0
386,386,1.11444,368.75613,-5.9870515,-359.81888,0,1,0,0,0,0,0,0,1,0
387,387,1.11446,368.10156,-15.116721,-319.8133,0,1,0,0,0,0,0,0,1,0
388,388,1.11448,370.0408,-10.891528,-300.85504,0,1,0,0,0,0,0,0,1,0
389,389,1.1145,369.44614,0.1521287,-291.28082,0,1,0,0,0,0,0,0,1,0
390,390,1.11452,368.41452,-13.136249,-324.4691,0,1,0,0,0,0,0,0,1,0
391,391,1.11454,366.3913,-6.070038,-294.7019,0,1,0,0,0,0,0,0,1,0
392,392,1.11456,367.43887,-14.681911,-366.0101,0,1,0,0,0,0,0,0,1,0
393,393,1.11458,367.7711,-3.3962154,-305.63254,0,1,0,0,0,0,0,0,1,0
394,394,1.1146,367.9026,-0.7955677,-301.80402,0,1,0,0,0,0,0,0,1,0
395,395,1.11462,367.32068,-9.240044,-309.96445,0,1,0,0,0,0,0,0,1,0
396,396,1.11464,367.19742,-1.5124624,-283.39273,0,1,0,0,0,0,0,0,1,0
397,397,1.11466,368.08295,-11.593523,-256.30756,0,1,0,0,0,0,0,0,1,0
398,398,1.11468,368.41095,-6.1477633,-339.3058,0,1,0,0,0,0,0,0,1,0
399,399,1.1147,368.10452,-15.313298,-287.70224,0,1,0,0,0,0,0,0,1,0
400,400,1.11472,368.85495,-6.3480463,-323.20825,0,1,0,0,0,0,0,0,1,0
401,401,1.1147388222097456,365.9243,-5.887862,-335.61377,0,1,0,0,0,0,0,0,1,0
