,Unnamed: 0.5,Unnamed: 0.4,Unnamed: 0.3,Unnamed: 0.2,Unnamed: 0.1,Unnamed: 0,Time / s,Vin:Measured voltage,Vo:Measured voltage,IL:Measured current,open1,open2,open3,open4,short1,short2,short3,short4,OPEN,SHORT,OPEN_NOISE,SHORT_NOISE,NORMAL_NOISE
0,0,0,0,0,0,0,1.188587967340218,134.2376181013734,408.0470422183616,5.53753114193006,0,0,1,0,0,0,0,0,1,0,1,0,0
1,1,1,1,1,1,1,1.1886,132.4714267159729,407.9478590308032,5.42549577733972,0,0,1,0,0,0,0,0,1,0,1,0,0
2,2,2,2,2,2,2,1.18862,130.70000558545703,407.8463442368342,5.391585411458761,0,0,1,0,0,0,0,0,1,0,1,0,0
3,3,3,3,3,3,3,1.18864,128.923424642531,407.7438846609661,5.367612040414433,0,0,1,0,0,0,0,0,1,0,1,0,0
4,4,4,4,4,4,4,1.18866,127.1417540235362,407.6409523439922,5.285441349295485,0,0,1,0,0,0,0,0,1,0,1,0,0
5,5,5,5,5,5,5,1.18868,125.35506406581024,407.5369825217536,5.144926116116501,0,0,1,0,0,0,0,0,1,0,1,0,0
6,6,6,6,6,6,6,1.1887,123.56342530479726,407.4306205533526,5.081730358185697,0,0,1,0,0,0,0,0,1,0,1,0,0
7,7,7,7,7,7,7,1.18872,121.7669084713115,407.3227839438224,5.027736675287752,0,0,1,0,0,0,0,0,1,0,1,0,0
8,8,8,8,8,8,8,1.18874,119.96558448879388,407.2138845354111,4.98276390196916,0,0,1,0,0,0,0,0,1,0,1,0,0
9,9,9,9,9,9,9,1.18876,118.15952447039832,407.1043522429338,4.878777061937512,0,0,1,0,0,0,0,0,1,0,1,0,0
10,10,10,10,10,10,10,1.18878,116.34879971631452,406.9931236168469,4.7834695063391965,0,0,1,0,0,0,0,0,1,0,1,0,0
11,11,11,11,11,11,11,1.1888,114.533481710839,406.8805999769082,4.696667467749633,0,0,1,0,0,0,0,0,1,0,1,0,0
12,12,12,12,12,12,12,1.18882,112.71364211960189,406.766505924401,4.618187515647644,0,0,1,0,0,0,0,0,1,0,1,0,0
13,13,13,13,13,13,13,1.18884,110.88935278678696,406.65122479193576,4.547858424072634,0,0,1,0,0,0,0,0,1,0,1,0,0
14,14,14,14,14,14,14,1.18886,109.0606857321805,406.5346434355617,4.485501165329599,0,0,1,0,0,0,0,0,1,0,1,0,0
15,15,15,15,15,15,15,1.18888,107.2277131484597,406.4171236328127,4.4309451570259375,0,0,1,0,0,0,0,0,1,0,1,0,0
16,16,16,16,16,16,16,1.1888999999999998,105.39050739822709,406.2989576122733,4.316300192448425,0,0,1,0,0,0,0,0,1,0,1,0,0
17,17,17,17,17,17,17,1.18892,103.5491410112032,406.1788380496485,4.276834833116385,0,0,1,0,0,0,0,0,1,0,1,0,0
18,18,18,18,18,18,18,1.18894,101.7036866814134,406.0582177483504,4.176982394092152,0,0,1,0,0,0,0,0,1,0,1,0,0
19,19,19,19,19,19,19,1.18896,99.85421726418454,405.935959070446,4.151935949264475,0,0,1,0,0,0,0,0,1,0,1,0,0
20,20,20,20,20,20,20,1.18898,98.00080577346937,405.81332841220006,4.066208591043584,0,0,1,0,0,0,0,0,1,0,1,0,0
21,21,21,21,21,21,21,1.189,96.14352537872968,405.6898658794651,3.919690335913624,0,0,1,0,0,0,0,0,1,0,1,0,0
22,22,22,22,22,22,22,1.18902,94.282449402249,405.5643893591134,3.847459675342444,0,0,1,0,0,0,0,0,1,0,1,0,0
23,23,23,23,23,23,23,1.18904,92.41765131610336,405.4375981148304,3.849304714225646,0,0,1,0,0,0,0,0,1,0,1,0,0
24,24,24,24,24,24,24,1.18906,90.5492047393112,405.31065551068485,3.789908626742856,0,0,1,0,0,0,0,0,1,0,1,0,0
25,25,25,25,25,25,25,1.18908,88.67718343497792,405.1831344964534,3.669169554509762,0,0,1,0,0,0,0,0,1,0,1,0,0
26,26,26,26,26,26,26,1.1891,86.80166130726536,405.05416081637406,3.5544961584654824,0,0,1,0,0,0,0,0,1,0,1,0,0
27,27,27,27,27,27,27,1.18912,84.9227123986096,404.9234500466568,3.580713255979501,0,0,1,0,0,0,0,0,1,0,1,0,0
28,28,28,28,28,28,28,1.18914,83.04041088667934,404.7927601181367,3.5451585978575166,0,0,1,0,0,0,0,0,1,0,1,0,0
29,29,29,29,29,29,29,1.18916,81.1548310814982,404.6616977073424,3.447739178305884,0,0,1,0,0,0,0,0,1,0,1,0,0
30,30,30,30,30,30,30,1.18918,79.26604742256237,404.5298690647014,3.288367249270177,0,0,1,0,0,0,0,0,1,0,1,0,0
31,31,31,31,31,31,31,1.1892,77.37413447578238,404.3961282212397,3.201752373347495,0,0,1,0,0,0,0,0,1,0,1,0,0
32,32,32,32,32,32,32,1.18922,75.47916693067617,404.26136412278174,3.187700836295492,0,0,1,0,0,0,0,0,1,0,1,0,0
33,33,33,33,33,33,33,1.18924,73.58121959730057,404.12639166228206,3.11130007796666,0,0,1,0,0,0,0,0,1,0,1,0,0
34,34,34,34,34,34,34,1.18926,71.68036740334934,403.9908517785258,2.9724713221541554,0,0,1,0,0,0,0,0,1,0,1,0,0
35,35,35,35,35,35,35,1.18928,69.77668539124667,403.85406540512616,2.8384469683267097,0,0,1,0,0,0,0,0,1,0,1,0,0
36,36,36,36,36,36,36,1.1893,67.87024871506433,403.71593385899047,2.7763807558137814,0,0,1,0,0,0,0,0,1,0,1,0,0
37,37,37,37,37,37,37,1.18932,65.96113263769246,403.5771932656282,2.718817191178299,0,0,1,0,0,0,0,0,1,0,1,0,0
38,38,38,38,38,38,38,1.1893399999999998,64.04941252774763,403.43804767183127,2.598384667817794,0,0,1,0,0,0,0,0,1,0,1,0,0
39,39,39,39,39,39,39,1.18936,62.13516385664906,403.2978944545434,2.482232387589397,0,0,1,0,0,0,0,0,1,0,1,0,0
40,40,40,40,40,40,40,1.18938,60.2184621956912,403.15664959972673,2.4374281795003108,0,0,1,0,0,0,0,0,1,0,1,0,0
41,41,41,41,41,41,41,1.1894,58.299383212939,403.0149564960242,2.396615476560346,0,0,1,0,0,0,0,0,1,0,1,0,0
42,42,42,42,42,42,42,1.18942,56.378002670379466,402.872988534074,2.292524497713226,0,0,1,0,0,0,0,0,1,0,1,0,0
43,43,43,43,43,43,43,1.18944,54.45439642079172,402.73021051828846,2.192219670075493,0,0,1,0,0,0,0,0,1,0,1,0,0
44,44,44,44,44,44,44,1.18946,52.52864040489155,402.5868089056349,2.095586261693231,0,0,1,0,0,0,0,0,1,0,1,0,0
45,45,45,45,45,45,45,1.18948,50.60081064821165,402.44255187455167,2.0695794271335566,0,0,1,0,0,0,0,0,1,0,1,0,0
46,46,46,46,46,46,46,1.1895,48.670983258134896,402.2981223364936,1.9799202897094248,0,0,1,0,0,0,0,0,1,0,1,0,0
47,47,47,47,47,47,47,1.18952,46.7392344210296,402.1529505133516,1.9606137625175444,0,0,1,0,0,0,0,0,1,0,1,0,0
48,48,48,48,48,48,48,1.18954,44.80564039892729,402.0076474589512,1.877480555482232,0,0,1,0,0,0,0,0,1,0,1,0,0
49,49,49,49,49,49,49,1.18956,42.87027752689655,401.8619810951188,1.7304801520886934,0,0,1,0,0,0,0,0,1,0,1,0,0
50,50,50,50,50,50,50,1.18958,40.933222209714735,401.715436675425,1.6534802911171331,0,0,1,0,0,0,0,0,1,0,1,0,0
51,51,51,51,51,51,51,1.1896,38.994550918991465,401.5683174915271,1.6463111760635996,0,0,1,0,0,0,0,0,1,0,1,0,0
52,52,52,52,52,52,52,1.18962,37.05434019018481,401.4211351352823,1.574996047359161,0,0,1,0,0,0,0,0,1,0,1,0,0
53,53,53,53,53,53,53,1.18964,35.11266661945708,401.2736952388408,1.4395046497873742,0,0,1,0,0,0,0,0,1,0,1,0,0
54,54,54,54,54,54,54,1.18966,33.169606860791305,401.12565652106014,1.3066634330662388,0,0,1,0,0,0,0,0,1,0,1,0,0
55,55,55,55,55,55,55,1.1896799999999998,31.225237622842133,400.9769295519291,1.3100412820620988,0,0,1,0,0,0,0,0,1,0,1,0,0
56,56,56,56,56,56,56,1.1897,29.2796356659602,400.8281890169831,1.2489915036899846,0,0,1,0,0,0,0,0,1,0,1,0,0
57,57,57,57,57,57,57,1.18972,27.33287779921453,400.67927873808,1.1234942926782123,0,0,1,0,0,0,0,0,1,0,1,0,0
58,58,58,58,58,58,58,1.18974,25.38504087723712,400.52993069777335,1.0002874030247908,0,0,1,0,0,0,0,0,1,0,1,0,0
59,59,59,59,59,59,59,1.18976,23.436201797329645,400.38014330654585,0.9460188153379048,0,0,1,0,0,0,0,0,1,0,1,0,0
60,60,60,60,60,60,60,1.1897799999999998,21.48643749630444,400.230196173528,0.893831615669652,0,0,1,0,0,0,0,0,1,0,1,0,0
61,61,61,61,61,61,61,1.1898,19.535824947499894,400.080152169646,0.7769643824863988,0,0,1,0,0,0,0,0,1,0,1,0,0
62,62,62,62,62,62,62,1.18982,17.584441157794767,399.9297873516954,0.7287225396326992,0,0,1,0,0,0,0,0,1,0,1,0,0
63,63,63,63,63,63,63,1.18984,15.63236316444446,399.77935708328425,0.6156989694549432,0,0,1,0,0,0,0,0,1,0,1,0,0
64,64,64,64,64,64,64,1.18986,13.679668032180976,399.6286806927663,0.5711041131396275,0,0,1,0,0,0,0,0,1,0,1,0,0
65,65,65,65,65,65,65,1.18988,11.72643285002926,399.47796800966665,0.461635773697952,0,0,1,0,0,0,0,0,1,0,1,0,0
66,66,66,66,66,66,66,1.1899,9.77273472840516,399.3270864547344,0.4204095934513826,0,0,1,0,0,0,0,0,1,0,1,0,0
67,67,67,67,67,67,67,1.18992,7.81865079594759,399.1761949002205,0.3142282103375248,0,0,1,0,0,0,0,0,1,0,1,0,0
68,68,68,68,68,68,68,1.18994,5.864258196526592,399.0252150671327,0.2096058155151769,0,0,1,0,0,0,0,0,1,0,1,0,0
69,69,69,69,69,69,69,1.18996,3.909634086250894,398.8741813639693,0.172964310252814,0,0,1,0,0,0,0,0,1,0,1,0,0
70,70,70,70,70,70,70,1.18998,1.9548556302981528,398.7231702578444,0.137720201291516,0,0,1,0,0,0,0,0,1,0,1,0,0
71,71,71,71,71,71,71,1.19,1.0060871365015932e-11,398.5721957537272,0.0373880104447883,0,0,1,0,0,0,0,0,1,0,1,0,0
72,72,72,72,72,72,72,1.19002,-1.954855630278032,398.42125034601696,-1.954796965827661e-06,0,0,1,0,0,0,0,0,1,0,1,0,0
73,73,73,73,73,73,73,1.19004,-3.9096340862307737,398.27036178491903,-3.909575405699359e-06,0,0,1,0,0,0,0,0,1,0,1,0,0
74,74,74,74,74,74,74,1.19006,-5.864258196506473,398.11953036775583,-5.864199502210726e-06,0,0,1,0,0,0,0,0,1,0,1,0,0
75,75,75,75,75,75,75,1.19008,-7.818650795945155,397.9687560728859,-7.81859209020212e-06,0,0,1,0,0,0,0,0,1,0,1,0,0
76,76,76,76,76,76,76,1.1901,-9.772734728385048,397.8180388786765,-9.772676013512537e-06,0,0,1,0,0,0,0,0,1,0,1,0,0
77,77,77,77,77,77,77,1.1901199999999998,-11.72643285000915,397.6673787635019,-1.1726374128325125e-05,0,0,1,0,0,0,0,0,1,0,1,0,0
78,78,78,78,78,78,78,1.19014,-13.679668032178544,397.5167757057458,-1.3679609306000922e-05,0,0,1,0,0,0,0,0,1,0,1,0,0
79,79,79,79,79,79,79,1.19016,-15.632363164442028,397.3662296837997,-1.5632304436089533e-05,0,0,1,0,0,0,0,0,1,0,1,0,0
80,80,80,80,80,80,80,1.19018,-17.584441157792337,397.21574067606286,-1.7584382429583257e-05,0,0,1,0,0,0,0,0,1,0,1,0,0
81,81,81,81,81,81,81,1.1902,-19.535824947497463,397.0653086609429,-1.9535766221750387e-05,0,0,1,0,0,0,0,0,1,0,1,0,0
82,82,82,82,82,82,82,1.19022,-21.486437496302003,396.9149336168565,-2.1486378775335323e-05,0,0,1,0,0,0,0,0,1,0,1,0,0
83,83,83,83,83,83,83,1.19024,-23.43620179732721,396.7646155222277,-2.343614308345914e-05,0,0,1,0,0,0,0,0,1,0,1,0,0
84,84,84,84,84,84,84,1.19026,-25.385040877234687,396.61435435548833,-2.538498217278324e-05,0,0,1,0,0,0,0,0,1,0,1,0,0
85,85,85,85,85,85,85,1.19028,-27.332877799212103,396.4641500950792,-2.7332819106494626e-05,0,0,1,0,0,0,0,0,1,0,1,0,0
86,86,86,86,86,86,86,1.1903,-29.27963566595777,396.31400271944887,-2.9279576987291454e-05,0,0,1,0,0,0,0,0,1,0,1,0,0
87,87,87,87,87,87,87,1.19032,-31.22523762283971,396.16391220705447,-3.1225178960541095e-05,0,0,1,0,0,0,0,0,1,0,1,0,0
88,88,88,88,88,88,88,1.19034,-33.16960686078888,396.0138785363608,-3.3169548217173846e-05,0,0,1,0,0,0,0,0,1,0,1,0,0
89,89,89,89,89,89,89,1.19036,-35.11266661945466,395.863901685841,-3.511260799683846e-05,0,0,1,0,0,0,0,0,1,0,1,0,0
90,90,90,90,90,90,90,1.19038,-37.0543401901824,395.71398163397606,-3.7054281590879135e-05,0,0,1,0,0,0,0,0,1,0,1,0,0
91,91,91,91,91,91,91,1.1904,-38.99455091898904,395.56411835925593,-3.8994492345312245e-05,0,0,1,0,0,0,0,0,1,0,1,0,0
92,92,92,92,92,92,92,1.19042,-40.933222209712326,395.4143118401777,-4.093316366397438e-05,0,0,1,0,0,0,0,0,1,0,1,0,0
93,93,93,93,93,93,93,1.19044,-42.870277526894135,395.2645620552474,-4.287021901140632e-05,0,0,1,0,0,0,0,0,1,0,1,0,0
94,94,94,94,94,94,94,1.19046,-44.80564039892488,395.1148689829786,-4.480558191599748e-05,0,0,1,0,0,0,0,0,1,0,1,0,0
95,95,95,95,95,95,95,1.19048,-46.739234421009705,394.9652326018932,-4.673917597295113e-05,0,0,1,0,0,0,0,0,1,0,1,0,0
96,96,96,96,96,96,96,1.1905,-48.670983258132495,394.8156528905217,-4.867092484725058e-05,0,0,1,0,0,0,0,0,1,0,1,0,0
97,97,97,97,97,97,97,1.19052,-50.6008106481918,394.6661298274027,-5.060075227679219e-05,0,0,1,0,0,0,0,0,1,0,1,0,0
98,98,98,98,98,98,98,1.19054,-52.52864040487172,394.5166633910823,-5.2528582075258926e-05,0,0,1,0,0,0,0,0,1,0,1,0,0
99,99,99,99,99,99,99,1.1905599999999998,-54.45439642077192,394.3672535601148,-5.44543381352488e-05,0,0,1,0,0,0,0,0,1,0,1,0,0
100,100,100,100,100,100,100,1.19058,-56.378002670359685,394.2179003130629,-5.637794443122705e-05,0,0,1,0,0,0,0,0,1,0,1,0,0
101,101,101,101,101,101,101,1.1906,-58.29938321291923,394.0686036284972,-5.829932502247648e-05,0,0,1,0,0,0,0,0,1,0,1,0,0
102,102,102,102,102,102,102,1.19062,-60.21846219567145,393.9193634849965,-6.0218404056215615e-05,0,0,1,0,0,0,0,0,1,0,1,0,0
103,103,103,103,103,103,103,1.19064,-62.135163856629326,393.77017986114816,-6.213510577045576e-05,0,0,1,0,0,0,0,0,1,0,1,0,0
104,104,104,104,104,104,104,1.19066,-64.04941252774525,393.62105273554687,-6.404935449714699e-05,0,0,1,0,0,0,0,0,1,0,1,0,0
105,105,105,105,105,105,105,1.19068,-65.96113263769008,393.47198208679646,-6.596107466495819e-05,0,0,1,0,0,0,0,0,1,0,1,0,0
106,106,106,106,106,106,106,1.1907,-67.8702487150447,393.32296789350767,-6.787019080246802e-05,0,0,1,0,0,0,0,0,1,0,1,0,0
107,107,107,107,107,107,107,1.19072,-69.7766853912443,393.1740101343004,-6.977662754110875e-05,0,0,1,0,0,0,0,0,1,0,1,0,0
108,108,108,108,108,108,108,1.19074,-71.68036740334696,393.0251087878017,-7.168030961793656e-05,0,0,1,0,0,0,0,0,1,0,1,0,0
109,109,109,109,109,109,109,1.19076,-73.5812195972982,392.8762638326467,-7.358116187889421e-05,0,0,1,0,0,0,0,0,1,0,1,0,0
110,110,110,110,110,110,110,1.19078,-75.47916693067381,392.7274752474804,-7.547910928155483e-05,0,0,1,0,0,0,0,0,1,0,1,0,0
111,111,111,111,111,111,111,1.1908,-77.37413447578001,392.5787430109537,-7.737407689822208e-05,0,0,1,0,0,0,0,0,1,0,1,0,0
112,112,112,112,112,112,112,1.19082,-79.26604742256,392.4300671017268,-7.926598991883593e-05,0,0,1,0,0,0,0,0,1,0,1,0,0
113,113,113,113,113,113,113,1.19084,-81.15483108149586,392.28144749846746,-8.115477365387592e-05,0,0,1,0,0,0,0,0,1,0,1,0,0
114,114,114,114,114,114,114,1.19086,-83.04041088667701,392.132884179852,-8.304035353742835e-05,0,0,1,0,0,0,0,0,1,0,1,0,0
115,115,115,115,115,115,115,1.19088,-84.92271239860726,391.98437712456393,-8.492265512999395e-05,0,0,1,0,0,0,0,0,1,0,1,0,0
116,116,116,116,116,116,116,1.1908999999999998,-86.801661307263,391.8359263112959,-8.680160412154599e-05,0,0,1,0,0,0,0,0,1,0,1,0,0
117,117,117,117,117,117,117,1.19092,-88.6771834349756,391.68753171874806,-8.867712633441226e-05,0,0,1,0,0,0,0,0,1,0,1,0,0
118,118,118,118,118,118,118,1.19094,-90.54920473930888,391.53919332562896,-9.054914772615366e-05,0,0,1,0,0,0,0,0,1,0,1,0,0
119,119,119,119,119,119,119,1.19096,-92.41765131610104,391.3909111106547,-9.241759439260452e-05,0,0,1,0,0,0,0,0,1,0,1,0,0
120,120,120,120,120,120,120,1.19098,-94.28244940224668,391.2426850525495,-9.42823925706562e-05,0,0,1,0,0,0,0,0,1,0,1,0,0
121,121,121,121,121,121,121,1.1909999999999998,-96.1435253787274,391.094515130046,-9.614346864128668e-05,0,0,1,0,0,0,0,0,1,0,1,0,0
122,122,122,122,122,122,122,1.19102,-98.00080577346704,390.9464013218849,-9.80007491324158e-05,0,0,1,0,0,0,0,0,1,0,1,0,0
123,123,123,123,123,123,123,1.19104,-99.85421726418222,390.798343606814,-9.985416072175682e-05,0,0,1,0,0,0,0,0,1,0,1,0,0
124,124,124,124,124,124,124,1.19106,-101.70368668139436,390.6503419635912,-0.0001017036302398,0,0,1,0,0,0,0,0,1,0,1,0,0
125,125,125,125,125,125,125,1.19108,-103.54914101118422,390.5023963709803,-0.0001035490846727,0,0,1,0,0,0,0,0,1,0,1,0,0
126,126,126,126,126,126,126,1.1911,-105.39050739820816,390.35450680775386,-0.000105390451165,0,0,1,0,0,0,0,0,1,0,1,0,0
127,127,127,127,127,127,127,1.19112,-107.2277131484408,390.2066732526937,-0.0001072276570227,0,0,1,0,0,0,0,0,1,0,1,0,0
128,128,128,128,128,128,128,1.19114,-109.06068573216166,390.05889568458775,-0.0001090606297162,0,0,1,0,0,0,0,0,1,0,1,0,0
129,129,129,129,129,129,129,1.19116,-110.88935278676816,389.9111740822333,-0.0001108892968828,0,0,1,0,0,0,0,0,1,0,1,0,0
130,130,130,130,130,130,130,1.19118,-112.71364211958311,389.76350842443486,-0.0001127135863298,0,0,1,0,0,0,0,0,1,0,1,0,0
131,131,131,131,131,131,131,1.1912,-114.53348171082033,389.6158986900056,-0.0001145334260374,0,0,1,0,0,0,0,0,1,0,1,0,0
132,132,132,132,132,132,132,1.19122,-116.34879971629586,389.4683448577662,-0.0001163487441614,0,0,1,0,0,0,0,0,1,0,1,0,0
133,133,133,133,133,133,133,1.19124,-118.15952447037972,389.32084690654585,-0.0001181594690362,0,0,1,0,0,0,0,0,1,0,1,0,0
134,134,134,134,134,134,134,1.19126,-119.96558448879162,389.1734048151812,-0.0001199655291776,0,0,1,0,0,0,0,0,1,0,1,0,0
135,135,135,135,135,135,135,1.19128,-121.76690847129298,389.02601856251727,-0.0001217668532852,0,0,1,0,0,0,0,0,1,0,1,0,0
136,136,136,136,136,136,136,1.1913,-123.56342530479502,388.87868812740726,-0.000123563370246,0,0,1,0,0,0,0,0,1,0,1,0,0
137,137,137,137,137,137,137,1.19132,-125.35506406580802,388.73141348871246,-0.0001253550091365,0,0,1,0,0,0,0,0,1,0,1,0,0
138,138,138,138,138,138,138,1.1913399999999998,-127.14175402353398,388.58419462530094,-0.0001271416992259,0,0,1,0,0,0,0,0,1,0,1,0,0
139,139,139,139,139,139,139,1.19136,-128.92342464252877,388.43703151605047,-0.0001289233699787,0,0,1,0,0,0,0,0,1,0,1,0,0
140,140,140,140,140,140,140,1.19138,-130.70000558545485,388.289924139846,-0.0001306999510576,0,0,1,0,0,0,0,0,1,0,1,0,0
141,141,141,141,141,141,141,1.1914,-132.4714267159707,388.14287247558025,-0.0001324713723263,0,0,1,0,0,0,0,0,1,0,1,0,0
142,142,142,142,142,142,142,1.19142,-134.23761810137125,387.99587650215415,-0.0001342375638519,0,0,1,0,0,0,0,0,1,0,1,0,0
143,143,143,143,143,143,143,1.19144,-135.99851001547665,387.8489361984769,-0.0001359984559085,0,0,1,0,0,0,0,0,1,0,1,0,0
144,144,144,144,144,144,144,1.19146,-137.75403294125752,387.70205154346536,-0.0001377539789788,0,0,1,0,0,0,0,0,1,0,1,0,0
145,145,145,145,145,145,145,1.19148,-139.5041175736906,387.55522251604464,-0.0001395040637579,0,0,1,0,0,0,0,0,1,0,1,0,0
146,146,146,146,146,146,146,1.1915,-141.24869482244696,387.40844909514726,-0.0001412486411555,0,0,1,0,0,0,0,0,1,0,1,0,0
147,147,147,147,147,147,147,1.19152,-142.9876958145725,387.2617312597146,-0.0001429876422985,0,0,1,0,0,0,0,0,1,0,1,0,0
148,148,148,148,148,148,148,1.19154,-144.72105189731712,387.1150689886954,-0.0001447209985343,0,0,1,0,0,0,0,0,1,0,1,0,0
149,149,149,149,149,149,149,1.19156,-146.4486946407193,386.96846226104657,-0.0001464486414328,0,0,1,0,0,0,0,0,1,0,1,0,0
150,150,150,150,150,150,150,1.19158,-148.17055584041745,386.821911055733,-0.0001481705027898,0,0,1,0,0,0,0,0,1,0,1,0,0
151,151,151,151,151,151,151,1.1916,-149.8865675202952,386.6754153517271,-0.000149886514629,0,0,1,0,0,0,0,0,1,0,1,0,0
152,152,152,152,152,152,152,1.19162,-151.59666193511865,386.5289751280097,-0.0001515966092052,0,0,1,0,0,0,0,0,1,0,1,0,0
153,153,153,153,153,153,153,1.19164,-153.3007715733194,386.38259036356993,-0.0001533007190069,0,0,1,0,0,0,0,0,1,0,1,0,0
154,154,154,154,154,154,154,1.19166,-154.998829159536,386.2362610374042,-0.0001549987767587,0,0,1,0,0,0,0,0,1,0,1,0,0
155,155,155,155,155,155,155,1.19168,-156.69076765737796,386.0899871285175,-0.0001566907154242,0,0,1,0,0,0,0,0,1,0,1,0,0
156,156,156,156,156,156,156,1.1917,-158.3765202720256,385.9437686159215,-0.0001583764682086,0,0,1,0,0,0,0,0,1,0,1,0,0
157,157,157,157,157,157,157,1.19172,-160.05602045282174,385.79760547863793,-0.0001600559685612,0,0,1,0,0,0,0,0,1,0,1,0,0
158,158,158,158,158,158,158,1.19174,-161.72920189600538,385.65149769569416,-0.0001617291501782,0,0,1,0,0,0,0,0,1,0,1,0,0
159,159,159,159,159,159,159,1.19176,-163.39599854720777,385.50544524612735,-0.0001633959470052,0,0,1,0,0,0,0,0,1,0,1,0,0
160,160,160,160,160,160,160,1.1917799999999998,-165.05634460416633,385.35944810898167,-0.0001650562932401,0,0,1,0,0,0,0,0,1,0,1,0,0
161,161,161,161,161,161,161,1.1918,-166.71017451927665,385.2135062633093,-0.0001667101233351,0,0,1,0,0,0,0,0,1,0,1,0,0
162,162,162,162,162,162,162,1.19182,-168.35742300213556,385.06761968817005,-0.0001683573719999,0,0,1,0,0,0,0,0,1,0,1,0,0
163,163,163,163,163,163,163,1.19184,-169.9980250222381,384.921788362633,-0.000169997974204,0,0,1,0,0,0,0,0,1,0,1,0,0
164,164,164,164,164,164,164,1.19186,-171.63191581135155,384.77601226577366,-0.000171631865179,0,0,1,0,0,0,0,0,1,0,1,0,0
165,165,165,165,165,165,165,1.19188,-173.25903086635392,384.6302913766767,-0.000173258980422,0,0,1,0,0,0,0,0,1,0,1,0,0
166,166,166,166,166,166,166,1.1919,-174.87930595145522,384.48462567443255,-0.0001748792556971,0,0,1,0,0,0,0,0,1,0,1,0,0
167,167,167,167,167,167,167,1.19192,-176.49267710099895,384.3390151381422,-0.0001764926270385,0,0,1,0,0,0,0,0,1,0,1,0,0
168,168,168,168,168,168,168,1.19194,-178.0990806218692,384.1934597469137,-0.0001780990307533,0,0,1,0,0,0,0,0,1,0,1,0,0
169,169,169,169,169,169,169,1.19196,-179.69845309597642,384.0479594798622,-0.0001796984034233,0,0,1,0,0,0,0,0,1,0,1,0,0
170,170,170,170,170,170,170,1.19198,-181.2907313828629,383.9025143161113,-0.000181290681908,0,0,1,0,0,0,0,0,1,0,1,0,0
171,171,171,171,171,171,171,1.192,-182.8758526220794,383.75712423479246,-0.0001828758033471,0,0,1,0,0,0,0,0,1,0,1,0,0
172,172,172,172,172,172,172,1.19202,-184.4537542357681,383.6117892150449,-0.0001844537051625,0,0,1,0,0,0,0,0,1,0,1,0,0
173,173,173,173,173,173,173,1.19204,-186.0243739310892,383.46650923601663,-0.0001860243250615,0,0,1,0,0,0,0,0,1,0,1,0,0
174,174,174,174,174,174,174,1.19206,-187.5876497026381,383.32128427686206,-0.0001875876010386,0,0,1,0,0,0,0,0,1,0,1,0,0
175,175,175,175,175,175,175,1.19208,-189.1435198349924,383.1761143167441,-0.0001891434713785,0,0,1,0,0,0,0,0,1,0,1,0,0
176,176,176,176,176,176,176,1.1921,-190.69192290503497,383.0309993348346,-0.000190691874658,0,0,1,0,0,0,0,0,1,0,1,0,0
177,177,177,177,177,177,177,1.1921199999999998,-192.2327977844783,382.8859393103121,-0.0001922327497488,0,0,1,0,0,0,0,0,1,0,1,0,0
178,178,178,178,178,178,178,1.19214,-193.76608364223424,382.74093422236297,-0.0001937660358198,0,0,1,0,0,0,0,0,1,0,1,0,0
179,179,179,179,179,179,179,1.19216,-195.29171994677483,382.5959840501824,-0.0001952916723395,0,0,1,0,0,0,0,0,1,0,1,0,0
180,180,180,180,180,180,180,1.19218,-196.80964646861867,382.4510887729728,-0.0001968095990783,0,0,1,0,0,0,0,0,1,0,1,0,0
181,181,181,181,181,181,181,1.1922,-198.31980328259831,382.3062483699442,-0.0001983197561112,0,0,1,0,0,0,0,0,1,0,1,0,0
182,182,182,182,182,182,182,1.1922199999999998,-199.8221307703223,382.161462820315,-0.0001998220838196,0,0,1,0,0,0,0,0,1,0,1,0,0
183,183,183,183,183,183,183,1.19224,-201.3165696224873,382.0167321033112,-0.0002013165228944,0,0,1,0,0,0,0,0,1,0,1,0,0
184,184,184,184,184,184,184,1.19226,-202.80306084117936,381.87205619816734,-0.0002028030143375,0,0,1,0,0,0,0,0,1,0,1,0,0
185,185,185,185,185,185,185,1.19228,-204.28154574229723,381.7274350841247,-0.0002042814994649,0,0,1,0,0,0,0,0,1,0,1,0,0
186,186,186,186,186,186,186,1.1923,-205.75196595776188,381.5828687404332,-0.0002057519199085,0,0,1,0,0,0,0,0,1,0,1,0,0
187,187,187,187,187,187,187,1.19232,-207.2142634379276,381.43835714635065,-0.0002072142176186,0,0,1,0,0,0,0,0,1,0,1,0,0
188,188,188,188,188,188,188,1.19234,-208.6683804537672,381.2939002811423,-0.0002086683348662,0,0,1,0,0,0,0,0,1,0,1,0,0
189,189,189,189,189,189,189,1.19236,-210.1142595992441,381.149498124082,-0.0002101142142452,0,0,1,0,0,0,0,0,1,0,1,0,0
190,190,190,190,190,190,190,1.19238,-211.5518437935382,381.0051506544496,-0.0002115517986748,0,0,1,0,0,0,0,0,1,0,1,0,0
191,191,191,191,191,191,191,1.1924,-212.9810762832612,380.8608578515351,-0.0002129810314016,0,0,1,0,0,0,0,0,1,0,1,0,0
192,192,192,192,192,192,192,1.19242,-214.40190064480024,380.71661969463565,-0.000214401856002,0,0,1,0,0,0,0,0,1,0,1,0,0
193,193,193,193,193,193,193,1.19244,-215.8142607863909,380.5724361630547,-0.0002158142163843,0,0,1,0,0,0,0,0,1,0,1,0,0
194,194,194,194,194,194,194,1.19246,-217.2181009504864,380.4283072361055,-0.0002172180567907,0,0,1,0,0,0,0,0,1,0,1,0,0
195,195,195,195,195,195,195,1.19248,-218.6133657159313,380.28423289310814,-0.0002186133218003,0,0,1,0,0,0,0,0,1,0,1,0,0
196,196,196,196,196,196,196,1.1925,-219.9999999999985,380.14021311339127,-0.0002199999563303,0,0,1,0,0,0,0,0,1,0,1,0,0
197,197,197,197,197,197,197,1.19252,-221.3779490607786,379.99624787629045,-0.0002213779056386,0,0,1,0,0,0,0,0,1,0,1,0,0
198,198,198,198,198,198,198,1.19254,-222.7471584991771,379.85233716114953,-0.0002227471153263,0,0,1,0,0,0,0,0,1,0,1,0,0
199,199,199,199,199,199,199,1.1925599999999998,-224.10757426116228,379.7084809473204,-0.0002241075313393,0,0,1,0,0,0,0,0,1,0,1,0,0
200,200,200,200,200,200,200,1.19258,-225.4591426398616,379.5646792141623,-0.0002254590999707,0,0,1,0,0,0,0,0,1,0,1,0,0
201,201,201,201,201,201,201,1.1926,-226.80181027764507,379.42093194104285,-0.0002268017678629,0,0,1,0,0,0,0,0,1,0,1,0,0
202,202,202,202,202,202,202,1.19262,-228.13552416831783,379.27723910733687,-0.0002281354820096,0,0,1,0,0,0,0,0,1,0,1,0,0
203,203,203,203,203,203,203,1.19264,-229.460231659115,379.1336006924273,-0.0002294601897582,0,0,1,0,0,0,0,0,1,0,1,0,0
204,204,204,204,204,204,204,1.19266,-230.77588045287703,378.99001667570457,-0.0002307758388113,0,0,1,0,0,0,0,0,1,0,1,0,0
205,205,205,205,205,205,205,1.19268,-232.0824186100185,378.8464870365679,-0.0002320823772295,0,0,1,0,0,0,0,0,1,0,1,0,0
206,206,206,206,206,206,206,1.1927,-233.37979455066213,378.7030117544226,-0.0002333797534328,0,0,1,0,0,0,0,0,1,0,1,0,0
207,207,207,207,207,207,207,1.19272,-234.6679570566388,378.55959080868377,-0.000234667916203,0,0,1,0,0,0,0,0,1,0,1,0,0
208,208,208,208,208,208,208,1.19274,-235.9468552734751,378.4162241787736,-0.0002359468146858,0,0,1,0,0,0,0,0,1,0,1,0,0
209,209,209,209,209,209,209,1.19276,-237.21643871248247,378.27291184412087,-0.0002372163983923,0,0,1,0,0,0,0,0,1,0,1,0,0
210,210,210,210,210,210,210,1.19278,-238.4766572526576,378.129653784163,-0.0002384766172015,0,0,1,0,0,0,0,0,1,0,1,0,0
211,211,211,211,211,211,211,1.1928,-239.727461142742,377.9864499783464,-0.0002397274213623,0,0,1,0,0,0,0,0,1,0,1,0,0
212,212,212,212,212,212,212,1.19282,-240.9688010031508,377.8433004061234,-0.0002409687614949,0,0,1,0,0,0,0,0,1,0,1,0,0
213,213,213,213,213,213,213,1.19284,-242.2006278278895,377.70020504695447,-0.0002422005885935,0,0,1,0,0,0,0,0,1,0,1,0,0
214,214,214,214,214,214,214,1.19286,-243.42289298656647,377.557163880309,-0.0002434228540275,0,0,1,0,0,0,0,0,1,0,1,0,0
215,215,215,215,215,215,215,1.19288,-244.63554822622424,377.41417688566327,-0.000244635509544,0,0,1,0,0,0,0,0,1,0,1,0,0
216,216,216,216,216,216,216,1.1928999999999998,-245.8385456733212,377.27124404250094,-0.0002458385072696,0,0,1,0,0,0,0,0,1,0,1,0,0
217,217,217,217,217,217,217,1.19292,-247.0318378355888,377.12836533031447,-0.0002470317997118,0,0,1,0,0,0,0,0,1,0,1,0,0
218,218,218,218,218,218,218,1.19294,-248.2153776038741,376.9855407286036,-0.0002482153397615,0,0,1,0,0,0,0,0,1,0,1,0,0
219,219,219,219,219,219,219,1.19296,-249.3891182540752,376.8427702168751,-0.0002493890806946,0,0,1,0,0,0,0,0,1,0,1,0,0
220,220,220,220,220,220,220,1.19298,-250.55301344889943,376.7000537746456,-0.0002505529761738,0,0,1,0,0,0,0,0,1,0,1,0,0
221,221,221,221,221,221,221,1.1929999999999998,-251.7070172397684,376.55739138143673,-0.0002517069802506,0,0,1,0,0,0,0,0,1,0,1,0,0
222,222,222,222,222,222,222,1.19302,-252.8510840686088,376.4147830167804,-0.0002528510473668,0,0,1,0,0,0,0,0,1,0,1,0,0
223,223,223,223,223,223,223,1.19304,-253.9851687695696,376.27222866021407,-0.0002539851323565,0,0,1,0,0,0,0,0,1,0,1,0,0
224,224,224,224,224,224,224,1.19306,-255.1092265709904,376.1297282912843,-0.0002551091904482,0,0,1,0,0,0,0,0,1,0,1,0,0
225,225,225,225,225,225,225,1.19308,-256.22321309694274,375.9872818895455,-0.0002562231772658,0,0,1,0,0,0,0,0,1,0,1,0,0
226,226,226,226,226,226,226,1.1931,-257.3270843691764,375.84488943455926,-0.0002573270488311,0,0,1,0,0,0,0,0,1,0,1,0,0
227,227,227,227,227,227,227,1.19312,-258.4207968087238,375.7025509058951,-0.0002584207615651,0,0,1,0,0,0,0,0,1,0,1,0,0
228,228,228,228,228,228,228,1.19314,-259.5043072377006,375.56026628312986,-0.00025950427229,0,0,1,0,0,0,0,0,1,0,1,0,0
229,229,229,229,229,229,229,1.19316,-260.5775728809799,375.41803554584897,-0.0002605775382305,0,0,1,0,0,0,0,0,1,0,1,0,0
230,230,230,230,230,230,230,1.19318,-261.6405513678524,375.2758586736453,-0.000261640517016,0,0,1,0,0,0,0,0,1,0,1,0,0
231,231,231,231,231,231,231,1.1932,-262.69320073376696,375.1337356461189,-0.0002626931666819,0,0,1,0,0,0,0,0,1,0,1,0,0
232,232,232,232,232,232,232,1.19322,-263.73547942190976,374.99166644287794,-0.0002637354456713,0,0,1,0,0,0,0,0,1,0,1,0,0
233,233,233,233,233,233,233,1.19324,-264.7673462849126,374.8496510435386,-0.000264767312837,0,0,1,0,0,0,0,0,1,0,1,0,0
234,234,234,234,234,234,234,1.19326,-265.78876058644767,374.70768942772406,-0.0002657887274425,0,0,1,0,0,0,0,0,1,0,1,0,0
235,235,235,235,235,235,235,1.19328,-266.7996820028089,374.565781575066,-0.0002667996491641,0,0,1,0,0,0,0,0,1,0,1,0,0
236,236,236,236,236,236,236,1.1933,-267.80007062456787,374.4239274652029,-0.0002678000380924,0,0,1,0,0,0,0,0,1,0,1,0,0
237,237,237,237,237,237,237,1.19332,-268.7898869580768,374.2821270777816,-0.0002687898547338,0,0,1,0,0,0,0,0,1,0,1,0,0
238,238,238,238,238,238,238,1.1933399999999998,-269.7690919270907,374.1403803924569,-0.0002697690600119,0,0,1,0,0,0,0,0,1,0,1,0,0
239,239,239,239,239,239,239,1.19336,-270.7376468742828,373.99868738889086,-0.0002707376152695,0,0,1,0,0,0,0,0,1,0,1,0,0
240,240,240,240,240,240,240,1.19338,-271.6955135627447,373.85704804675294,-0.0002716954822696,0,0,1,0,0,0,0,0,1,0,1,0,0
241,241,241,241,241,241,241,1.1934,-272.6426541775569,373.71546234572185,-0.0002726426231973,0,0,1,0,0,0,0,0,1,0,1,0,0
242,242,242,242,242,242,242,1.19342,-273.5790313272128,373.5739302654819,-0.000273579000661,0,0,1,0,0,0,0,0,1,0,1,0,0
243,243,243,243,243,243,243,1.19344,-274.50460804516246,373.432451785726,-0.0002745045776943,0,0,1,0,0,0,0,0,1,0,1,0,0
244,244,244,244,244,244,244,1.19346,-275.41934779120544,373.29102688615495,-0.0002754193177568,0,0,1,0,0,0,0,0,1,0,1,0,0
245,245,245,245,245,245,245,1.19348,-276.3232144529912,373.14965554647694,-0.0002763231847363,0,0,1,0,0,0,0,0,1,0,1,0,0
246,246,246,246,246,246,246,1.1935,-277.2161723474196,373.0083377464079,-0.0002772161429496,0,0,1,0,0,0,0,0,1,0,1,0,0
247,247,247,247,247,247,247,1.19352,-278.0981862220257,372.86707346567147,-0.0002780981571442,0,0,1,0,0,0,0,0,1,0,1,0,0
248,248,248,248,248,248,248,1.19354,-278.9692212564359,372.725862684,-0.0002789691924998,0,0,1,0,0,0,0,0,1,0,1,0,0
249,249,249,249,249,249,249,1.19356,-279.82924306363924,372.5847053811317,-0.0002798292146293,0,0,1,0,0,0,0,0,1,0,1,0,0
250,250,250,250,250,250,250,1.19358,-280.6782176914788,372.4436015368127,-0.0002806781895806,0,0,1,0,0,0,0,0,1,0,1,0,0
251,251,251,251,251,251,251,1.193587967340218,-280.6782176914788,372.4436015368127,-0.0002806781895806,0,0,1,0,0,0,0,0,1,0,1,0,0
