"Time / s","Vo:Measured voltage","IL:Measured current","Vin:Measured voltage","open1","open2","open3","open4","short1","short2","short3","short4"
1.3028637347855958,388.2579663720295,9.2869470490807853,243.42289298656561,0,0,0,0,0,0,0,0
1.30288,388.26446824957014,10.819153417963559,244.63554822623422,0,0,0,0,0,0,0,0
1.3028999999999999,388.33356745660296,9.9970442254031067,245.83854567333108,0,0,0,0,0,0,0,0
1.3029199999999999,388.38026677466303,9.9254350716728208,247.03183783558785,0,0,0,0,0,0,0,0
1.30294,388.41345268790286,10.79856122921576,248.21537760388389,0,0,0,0,0,0,0,0
1.3029599999999999,388.49747669477858,9.4445132893065598,249.38911825407422,0,0,0,0,0,0,0,0
1.30298,388.50406290889612,11.364837927975314,250.55301344890904,0,0,0,0,0,0,0,0
1.3029999999999999,388.59303182294246,10.150652974400828,251.70701723977785,0,0,0,0,0,0,0,0
1.3030199999999998,388.64210233246655,10.397738072928929,252.85108406859757,0,0,0,0,0,0,0,0
1.30304,388.69391845390419,10.87597710860989,253.98516876957899,0,0,0,0,0,0,0,0
1.3030599999999999,388.78514623084089,9.576841230468105,255.10922657097939,0,0,0,0,0,0,0,0
1.30308,388.80153818126001,11.487855871608566,256.22321309694189,0,0,0,0,0,0,0,0
1.3030999999999999,388.8993189631525,10.260038175365924,257.32708436916562,0,0,0,0,0,0,0,0
1.3031199999999998,388.94863124535402,10.816736188730802,258.42079680871313,0,0,0,0,0,0,0,0
1.30314,389.01814055176504,10.88997186879398,259.50430723769972,0,0,0,0,0,0,0,0
1.3031599999999999,389.1111769946707,9.8306039166134429,260.5775728809694,0,0,0,0,0,0,0,0
1.30318,389.14179465269495,11.528373213834001,261.64055136785163,0,0,0,0,0,0,0,0
1.3031999999999999,389.24610465982198,10.341964489167482,262.69320073375667,0,0,0,0,0,0,0,0
1.30322,389.29369030112025,11.3289204555906,263.73547942190896,0,0,0,0,0,0,0,0
1.30324,389.38281789668287,10.986748833130177,264.76734628491181,0,0,0,0,0,0,0,0
1.3032599999999999,389.47565659657937,10.287457375404239,265.78876058643766,0,0,0,0,0,0,0,0
1.30328,389.52440175428472,11.632122558404522,266.79968200281718,0,0,0,0,0,0,0,0
1.3032999999999999,389.63655043380703,10.477150838832591,267.80007062455809,0,0,0,0,0,0,0,0
1.30332,389.68351547717208,11.820372826799629,268.78988695808494,0,0,0,0,0,0,0,0
1.3033399999999999,389.79192544066905,11.051923603430842,269.76909192709877,0,0,0,0,0,0,0,0
1.3033599999999999,389.88344732064832,10.703291997151094,270.73764687428206,0,0,0,0,0,0,0,0
1.30338,389.94874497507107,11.684211423463688,271.69551356275258,0,0,0,0,0,0,0,0
1.3033999999999999,390.06632354076748,10.615550024545136,272.64265417755621,0,0,0,0,0,0,0,0
1.30342,390.11417143788077,12.240855869999454,273.57903132722043,0,0,0,0,0,0,0,0
1.3034399999999999,390.23891444583802,11.165064620546035,274.50460804516177,0,0,0,0,0,0,0,0
1.3034599999999998,390.32975747673908,11.157704619451167,275.41934779120476,0,0,0,0,0,0,0,0
1.30348,390.41391650926096,11.698935201985744,276.32321445299863,0,0,0,0,0,0,0,0
1.3034999999999999,390.53689216456462,10.641359258574452,277.21617234741888,0,0,0,0,0,0,0,0
1.30352,390.59030665652352,12.34409674344926,278.09818622203295,0,0,0,0,0,0,0,0
1.3035399999999999,390.7228986161187,11.275315603312666,278.96922125642737,0,0,0,0,0,0,0,0
1.3035600000000001,390.81169287038284,11.664900827246685,279.82924306364635,0,0,0,0,0,0,0,0
1.30358,390.9158024920755,11.755137378608977,280.67821769148571,0,0,0,0,0,0,0,0
1.3035999999999999,391.04493318845732,10.698234963112641,281.51611162388889,0,0,0,0,0,0,0,0
1.30362,391.10842758386639,12.272868387582367,282.34289178224543,0,0,0,0,0,0,0,0
1.3036399999999999,391.24324458525473,11.265747984143761,283.15852552667542,0,0,0,0,0,0,0,0
1.30366,391.32580287326937,12.10816811996161,283.96298065737,0,0,0,0,0,0,0,0
1.3036799999999999,391.4453782175878,11.931602040385865,284.75622541580344,0,0,0,0,0,0,0,0
1.3036999999999999,391.58082424197687,10.995488723290123,285.53822848603841,0,0,0,0,0,0,0,0
1.30372,391.65897777398544,12.366145469045975,286.30895899593946,0,0,0,0,0,0,0,0
1.3037399999999999,391.80100649872287,11.344991894407414,287.06838651837188,0,0,0,0,0,0,0,0
1.30376,391.88101844918521,12.500367005723275,287.81648107245115,0,0,0,0,0,0,0,0
1.3037799999999999,392.01793491077319,11.849607823395742,288.55321312467174,0,0,0,0,0,0,0,0
1.3037999999999998,392.14519559871007,11.350557145069514,289.27855359012051,0,0,0,0,0,0,0,0
1.30382,392.23686161279073,12.440938907172303,289.99247383360427,0,0,0,0,0,0,0,0
1.3038399999999999,392.38347824121036,11.525975302026065,290.69494567076129,0,0,0,0,0,0,0,0
1.30386,392.46359399591432,12.984862032682848,291.38594136922518,0,0,0,0,0,0,0,0
1.3038799999999999,392.61780757524895,12.044195880249383,292.06543364964392,0,0,0,0,0,0,0,0
1.3038999999999998,392.74532183743759,11.841987271814185,292.73339568683247,0,0,0,0,0,0,0,0
1.30392,392.85691934252424,12.444186599128804,293.38980111081707,0,0,0,0,0,0,0,0
1.3039399999999999,393.00813071986926,11.493780667806353,294.03462400780575,0,0,0,0,0,0,0,0
1.30396,393.09433594395085,12.918926450291401,294.66783892131224,0,0,0,0,0,0,0,0
1.3039799999999999,393.25073465744157,12.004052950030529,295.28942085308466,0,0,0,0,0,0,0,0
1.304,393.36943779552206,12.285569008254644,295.89934526414379,0,0,0,0,0,0,0,0
1.30402,393.49773205277603,12.518665020347296,296.49758807570726,0,0,0,0,0,0,0,0
1.3040399999999999,393.65401794197851,11.587730271621222,297.08412567017876,0,0,0,0,0,0,0,0
1.30406,393.74801316494296,12.968528365331712,297.6589348920636,0,0,0,0,0,0,0,0
1.3040799999999999,393.90901117893219,12.068855401078347,298.22199304886743,0,0,0,0,0,0,0,0
1.3041,394.0233249498757,12.69369637307407,298.77327791202856,0,0,0,0,0,0,0,0
1.3041199999999999,394.16822564962331,12.480044711322538,299.31276771775458,0,0,0,0,0,0,0,0
1.3041399999999999,394.32681790426813,11.557827285099366,299.84044116791677,0,0,0,0,0,0,0,0
1.30416,394.42645603379202,12.883510278010421,300.35627743087542,0,0,0,0,0,0,0,0
1.3041799999999999,394.58874888870344,11.988387476874664,300.86025614228879,0,0,0,0,0,0,0,0
1.3042,394.69382702302994,13.012928338886118,301.35235740594942,0,0,0,0,0,0,0,0
1.3042199999999999,394.85105324686333,12.472089127104859,301.83256179453309,0,0,0,0,0,0,0,0
1.3042399999999998,395.00630986039977,11.811420006547047,302.30085035039741,0,0,0,0,0,0,0,0
1.30426,395.11742104472881,12.939753327061691,302.75720458631599,0,0,0,0,0,0,0,0
1.3042799999999999,395.28317613184424,12.104523499718518,303.20160648619685,0,0,0,0,0,0,0,0
1.3043,395.38637549851126,13.387844214973629,303.63403850582182,0,0,0,0,0,0,0,0
1.3043199999999999,395.55797406897642,12.507902874418708,304.05448357350747,0,0,0,0,0,0,0,0
1.3043399999999998,395.70788149538186,12.164797277445642,304.46292509080644,0,0,0,0,0,0,0,0
1.30436,395.83215790378887,12.952467199932885,304.85934693315045,0,0,0,0,0,0,0,0
1.3043799999999999,396.00103961675967,12.100540353482902,305.24373345047678,0,0,0,0,0,0,0,0
1.3044,396.10742381223764,13.43490527267935,305.61606946787094,0,0,0,0,0,0,0,0
1.3044199999999999,396.28340014419831,12.533912180332605,305.97634028613771,0,0,0,0,0,0,0,0
1.30444,396.42494546070935,12.630931928091982,306.3245316824117,0,0,0,0,0,0,0,0
1.30446,396.56703219905637,12.933927183640417,306.66062991068009,0,0,0,0,0,0,0,0
1.3044799999999999,396.73827931644735,12.054478101217068,306.984621702364,0,0,0,0,0,0,0,0
1.3045,396.84965897300873,13.297174995034279,307.29649426683352,0,0,0,0,0,0,0,0
1.3045199999999999,397.02242257235844,12.496616175394779,307.59623529187962,0,0,0,0,0,0,0,0
1.30454,397.15485626388045,12.958646811694939,307.88383294424818,0,0,0,0,0,0,0,0
1.3045599999999999,397.30926201452939,12.897061340703026,308.1592758700711,0,0,0,0,0,0,0,0
1.3045799999999999,397.48116334610557,12.045782161535103,308.42255319533604,0,0,0,0,0,0,0,0
1.3046,397.59539021960876,13.318563362685085,308.67365452630702,0,0,0,0,0,0,0,0
1.3046199999999999,397.77154236518737,12.475854687606546,308.91256994992909,0,0,0,0,0,0,0,0
1.30464,397.8948161889864,13.293752873082322,309.13929003423465,0,0,0,0,0,0,0,0
1.3046599999999999,398.06153479021629,12.855708257948294,309.35380582869891,0,0,0,0,0,0,0,0
1.3046799999999998,398.23384758195704,12.022178033353931,309.55610886460772,0,0,0,0,0,0,0,0
1.3047,398.35097735107365,13.248303800234451,309.74619115538525,0,0,0,0,0,0,0,0
1.3047199999999999,398.52672936213673,12.419202387388316,309.92404519690473,0,0,0,0,0,0,0,0
1.30474,398.63922677719506,13.65033993925597,310.0896639677963,0,0,0,0,0,0,0,0
1.3047599999999999,398.81985944771088,12.757584990846476,310.24304092971158,0,0,0,0,0,0,0,0
1.3047800000000001,398.98012155229571,12.330343713820483,310.38417002759343,0,0,0,0,0,0,0,0
1.3048,399.11016056892794,13.166922939752601,310.51304568990417,0,0,0,0,0,0,0,0
1.3048199999999999,399.28510570139525,12.341140243342208,310.62966282885469,0,0,0,0,0,0,0,0
1.30484,399.39870386026001,13.57750029080719,310.73401684060087,0,0,0,0,0,0,0,0
1.3048599999999999,399.57744626400893,12.750428171937132,310.82610360542316,0,0,0,0,0,0,0,0
1.30488,399.72849664476701,12.654153882858195,310.9059194878954,0,0,0,0,0,0,0,0
1.3048999999999999,399.87046518541109,13.089415137228446,310.97346133702177,0,0,0,0,0,0,0,0
1.3049199999999999,400.04457531975817,12.256701526658652,311.02872648636651,0,0,0,0,0,0,0,0
1.30494,400.16016438384878,13.488039187799787,311.07171275415647,0,0,0,0,0,0,0,0
1.3049599999999999,400.3377082399083,12.649924641982253,311.10241844336667,0,0,0,0,0,0,0,0
1.30498,400.47581726448095,13.009071176018431,311.12084234178968,0,0,0,0,0,0,0,0
1.3049999999999999,400.63024227581633,13.031292798312506,311.12698372208092,0,0,0,0,0,0,0,0
1.3050199999999998,400.8038806116819,12.181424322303977,311.12084234178974,0,0,0,0,0,0,0,0
1.30504,400.91878869472123,13.464307208093413,311.10241844336679,0,0,0,0,0,0,0,0
1.3050599999999999,401.09668331338264,12.604969088634624,311.07171275415664,0,0,0,0,0,0,0,0
1.30508,401.22379795753886,13.344218878809958,311.02872648636674,0,0,0,0,0,0,0,0
1.3050999999999999,401.38871414562459,13.008530251404387,310.97346133702206,0,0,0,0,0,0,0,0
1.3051199999999998,401.56264644225502,12.13129416641079,310.90591948789569,0,0,0,0,0,0,0,0
1.30514,401.67898918051463,13.388815491843411,310.82610360542355,0,0,0,0,0,0,0,0
1.3051599999999999,401.85578656273839,12.497997277150997,310.73401684060133,0,0,0,0,0,0,0,0
1.30518,401.97054494823175,13.608644223409705,310.6296628288552,0,0,0,0,0,0,0,0
1.3051999999999999,402.14536198361179,12.836615060786798,310.51304568990474,0,0,0,0,0,0,0,0
1.30522,402.30841097115928,12.190023277845977,310.3841700275928,0,0,0,0,0,0,0,0
1.30524,402.42827101781251,13.211063356839828,310.24304092971227,0,0,0,0,0,0,0,0
1.3052599999999999,402.60006273932004,12.345972524369746,310.08966396779704,0,0,0,0,0,0,0,0
1.30528,402.70783755222226,13.618360175944128,309.92404519690547,0,0,0,0,0,0,0,0
1.3052999999999999,402.88287563103506,12.734281090522584,309.74619115538604,0,0,0,0,0,0,0,0
1.30532,403.03225924304598,12.511067146883319,309.55610886460858,0,0,0,0,0,0,0,0
1.3053399999999999,403.16293670081944,13.150754140865516,309.35380582869982,0,0,0,0,0,0,0,0
1.3053599999999999,403.33382562531364,12.234587320921211,309.13929003423561,0,0,0,0,0,0,0,0
1.30538,403.44074348941609,13.525047536962735,308.91256994993012,0,0,0,0,0,0,0,0
1.3053999999999999,403.61401366065621,12.585888686758935,308.67365452630816,0,0,0,0,0,0,0,0
1.30542,403.74970352383326,12.710472248758208,308.42255319533717,0,0,0,0,0,0,0,0
1.3054399999999999,403.8888748134525,12.890318734238024,308.15927587007235,0,0,0,0,0,0,0,0
1.3054599999999998,404.05288374894235,11.980552183285203,307.88383294424949,0,0,0,0,0,0,0,0
1.30548,404.15469671848518,13.346874083027329,307.59623529188099,0,0,0,0,0,0,0,0
1.3054999999999999,404.32288143527808,12.410409872909661,307.29649426683488,0,0,0,0,0,0,0,0
1.30552,404.44198393591086,13.00941591135053,306.98462170236832,0,0,0,0,0,0,0,0
1.3055399999999999,404.59025596541221,12.785868341887937,306.66062991068162,0,0,0,0,0,0,0,0
1.3055599999999998,404.75205006607661,11.805780473819318,306.32453168241318,0,0,0,0,0,0,0,0
1.30558,404.85073799710455,13.171262522654066,305.97634028614254,0,0,0,0,0,0,0,0
1.3055999999999999,405.0136615320834,12.228107148867261,305.61606946787589,0,0,0,0,0,0,0,0
1.30562,405.11783086584416,13.22621041903181,305.24373345047854,0,0,0,0,0,0,0,0
1.3056399999999999,405.27240311433081,12.656008580819387,304.85934693315221,0,0,0,0,0,0,0,0
1.30566,405.42498245948445,11.866270280245894,304.46292509080826,0,0,0,0,0,0,0,0
1.30568,405.52761932119233,13.018862550566704,304.05448357350934,0,0,0,0,0,0,0,0
1.3056999999999999,405.68614928648827,12.059701518031957,303.63403850582375,0,0,0,0,0,0,0,0
1.30572,405.77620824574137,13.448836969778549,303.20160648619878,0,0,0,0,0,0,0,0
1.3057399999999999,405.93772160300193,12.453878579588896,302.75720458631804,0,0,0,0,0,0,0,0
1.30576,406.07271514922388,12.116481241710998,302.30085035039951,0,0,0,0,0,0,0,0
1.3057799999999999,406.18337975408252,12.843197177870143,301.83256179453525,0,0,0,0,0,0,0,0
1.3057999999999998,406.33778740413771,11.791135752338706,301.35235740595158,0,0,0,0,0,0,0,0
1.30582,406.42111740774169,13.224759386649207,300.86025614229106,0,0,0,0,0,0,0,0
1.3058399999999999,406.57595278973639,12.200992352405182,300.3562774308777,0,0,0,0,0,0,0,0
1.30586,406.69407406323148,12.240649628876925,299.84044116791915,0,0,0,0,0,0,0,0
1.3058799999999999,406.8076654168816,12.666706207229279,299.31276771775703,0,0,0,0,0,0,0,0
1.3058999999999998,406.95601320339813,11.648303605010449,298.77327791203106,0,0,0,0,0,0,0,0
1.30592,407.03630162906956,13.117603678204254,298.22199304886993,0,0,0,0,0,0,0,0
1.3059399999999999,407.18765343221179,12.056109582352633,297.65893489206616,0,0,0,0,0,0,0,0
1.30596,407.29020715309991,12.532862677018464,297.08412567018138,0,0,0,0,0,0,0,0
1.3059799999999999,407.41368480006889,12.444675030010623,296.49758807570993,0,0,0,0,0,0,0,0
1.306,407.55666171310122,11.315191583182322,295.89934526414106,0,0,0,0,0,0,0,0
1.30602,407.630472577099,12.811174259420028,295.28942085308745,0,0,0,0,0,0,0,0
1.3060399999999999,407.77348500624657,11.702997720561497,294.66783892131508,0,0,0,0,0,0,0,0
1.30606,407.85566711020732,12.677270439514166,294.03462400780865,0,0,0,0,0,0,0,0
1.3060799999999999,407.98266704944928,12.200671346029658,293.38980111082003,0,0,0,0,0,0,0,0
1.3061,408.11138282022046,11.359382127763322,292.73339568684145,0,0,0,0,0,0,0,0
1.3061199999999999,408.18721713196874,12.669492582491998,292.06543364964699,0,0,0,0,0,0,0,0
1.3061399999999999,408.32565848770957,11.506059358557794,291.38594136922825,0,0,0,0,0,0,0,0
1.30616,408.39439032723482,12.766377024540557,290.69494567076441,0,0,0,0,0,0,0,0
1.3061799999999999,408.52557661838381,11.823586011097685,289.99247383361387,0,0,0,0,0,0,0,0
1.3062,408.63337575709767,11.398846034799341,289.27855359012381,0,0,0,0,0,0,0,0
1.3062199999999999,408.71055963971787,12.377761678733965,288.55321312467504,0,0,0,0,0,0,0,0
1.3062399999999998,408.84004629898584,11.218727590104054,287.81648107246127,0,0,0,0,0,0,0,0
1.30626,408.89284767763775,12.893652996361675,287.06838651837529,0,0,0,0,0,0,0,0
1.3062799999999999,409.02604424113252,11.67974661696222,286.30895899594293,0,0,0,0,0,0,0,0
1.3063,409.12006457168087,11.596189326729855,285.53822848604193,0,0,0,0,0,0,0,0
1.3063199999999999,409.20373647063059,12.098229417042132,284.75622541580702,0,0,0,0,0,0,0,0
1.3063399999999998,409.32577082536744,10.867032143140099,283.96298065737358,0,0,0,0,0,0,0,0
1.30636,409.37260488555143,12.539747522590682,283.15852552667906,0,0,0,0,0,0,0,0
1.3063799999999999,409.49513187015611,11.318573906088055,282.34289178224913,0,0,0,0,0,0,0,0
1.3064,409.56904272223437,11.705211509551223,281.51611162389264,0,0,0,0,0,0,0,0
1.3064199999999999,409.65628807441936,11.78932791529963,280.67821769148952,0,0,0,0,0,0,0,0
1.30644,409.76931188568301,10.546123317664842,279.82924306364248,0,0,0,0,0,0,0,0
1.30646,409.80839174728868,12.344968104330878,278.96922125643135,0,0,0,0,0,0,0,0
1.3064799999999999,409.92541905336878,11.040303742302065,278.09818622203693,0,0,0,0,0,0,0,0
1.3065,409.98251824513102,11.821691489791144,277.21617234742286,0,0,0,0,0,0,0,0
1.3065199999999999,410.0721075283958,11.547192624679967,276.32321445300266,0,0,0,0,0,0,0,0
1.30654,410.17062281870557,10.557348790150945,275.41934779120885,0,0,0,0,0,0,0,0
1.3065599999999999,410.21183924267478,11.995895422610412,274.50460804516592,0,0,0,0,0,0,0,0
1.3065799999999999,410.31869813879916,10.667981321660843,273.57903132722464,0,0,0,0,0,0,0,0
1.3066,410.35706860830209,11.90523684250109,272.64265417756047,0,0,0,0,0,0,0,0
1.3066199999999999,410.44995186853197,11.126751040471373,271.6955135627569,0,0,0,0,0,0,0,0
1.30664,410.52696786234571,10.588196053988172,270.73764687428638,0,0,0,0,0,0,0,0
1.3066599999999999,410.56817499209438,11.726273967991149,269.7690919271032,0,0,0,0,0,0,0,0
1.3066799999999998,410.6669338349061,10.367515708048723,268.78988695808937,0,0,0,0,0,0,0,0
1.3067,410.68859874224762,12.053582899766225,267.80007062457162,0,0,0,0,0,0,0,0
1.3067199999999999,410.78422365265163,10.899470998250283,266.79968200282173,0,0,0,0,0,0,0,0
1.30674,410.8454976409559,10.736810077747537,265.78876058644227,0,0,0,0,0,0,0,0
1.3067599999999999,410.89181427132007,11.360589445136092,264.76734628492574,0,0,0,0,0,0,0,0
1.3067799999999998,410.98048881710895,9.9632094304261241,263.73547942192306,0,0,0,0,0,0,0,0
1.3068,410.98640183872675,12.022397797255351,262.69320073376139,0,0,0,0,0,0,0,0
1.3068199999999999,411.08036095417839,10.552940324911919,261.6405513678564,0,0,0,0,0,0,0,0
1.30684,411.12330516724211,10.827619874557069,260.57757288097423,0,0,0,0,0,0,0,0
1.3068599999999999,411.17311499749309,10.997222979776481,259.50430723770461,0,0,0,0,0,0,0,0
1.30688,411.25106676580629,9.5537728344189468,258.42079680871802,0,0,0,0,0,0,0,0
1.3069,411.24961434705233,11.636273654387688,257.32708436917062,0,0,0,0,0,0,0,0
1.3069199999999999,411.33287858680734,10.11781281050162,256.22321309694689,0,0,0,0,0,0,0,0
1.30694,411.35678439922685,10.822961762066157,255.10922657098445,0,0,0,0,0,0,0,0
1.3069599999999999,411.40660072273391,10.598989723687403,253.98516876958408,0,0,0,0,0,0,0,0
1.30698,411.46483427003608,9.5822455489586993,252.85108406860274,0,0,0,0,0,0,0,0
1.3069999999999999,411.46519950647757,11.269200404332222,251.70701723978306,0,0,0,0,0,0,0,0
1.3070199999999998,411.5384513625346,9.6946041510829115,250.5530134489143,0,0,0,0,0,0,0,0
1.30704,411.54455846826897,10.823361823850497,249.38911825407951,0,0,0,0,0,0,0,0
1.3070599999999999,411.59427726676751,10.19819558211263,248.21537760388921,0,0,0,0,0,0,0,0
1.30708,411.63340073597811,9.6014779203643599,247.03183783559325,0,0,0,0,0,0,0,0
1.3070999999999999,411.63525495837416,10.885136297846186,245.83854567333651,0,0,0,0,0,0,0,0
1.3071199999999998,411.69836620911974,9.2473736928077592,244.63554822623968,0,0,0,0,0,0,0,0
1.30714,411.68732505059683,10.792848091572113,243.4228929865711,0,0,0,0,0,0,0,0
1.3071599999999999,411.73612482189014,9.7591225598301516,242.20062782790518,0,0,0,0,0,0,0,0
1.30718,411.75562056435746,9.6443649857666269,240.96880100315542,0,0,0,0,0,0,0,0
1.3071999999999999,411.75913960222505,10.517246502284195,239.72746114275787,0,0,0,0,0,0,0,0
1.30722,411.81269409364933,8.8094382720260409,238.47665725266231,0,0,0,0,0,0,0,0
1.30724,411.78567258639816,10.76471885180359,237.21643871248719,0,0,0,0,0,0,0,0
1.3072599999999999,411.83263091532581,9.3839371091953865,235.94685527349139,0,0,0,0,0,0,0,0
1.30728,411.83627828057126,9.6071811237558133,234.66795705664359,0,0,0,0,0,0,0,0
1.3072999999999999,411.83998527962939,10.06202063910226,233.3797945506787,0,0,0,0,0,0,0,0
1.30732,411.8785752753779,8.4833053609725795,232.08241861001164,0,0,0,0,0,0,0,0
1.3073399999999999,411.83798403764308,10.704227521568551,230.77588045288198,0,0,0,0,0,0,0,0
1.3073599999999999,411.88303845548586,8.9009668730472029,229.46023165913189,0,0,0,0,0,0,0,0
1.30738,411.86846292667457,9.592804624818621,228.13552416831081,0,0,0,0,0,0,0,0
1.3073999999999999,411.87248850205754,9.6227035908726659,226.80181027765008,0,0,0,0,0,0,0,0
1.30742,411.89105733340904,8.5097766586658175,225.45914263985438,0,0,0,0,0,0,0,0
1.3074399999999999,411.85262691883844,10.303148226199445,224.10757426116734,0,0,0,0,0,0,0,0
1.3074599999999998,411.88771477162959,8.4139761279747507,222.74715849918218,0,0,0,0,0,0,0,0
1.30748,411.85682157291353,9.499084207745085,221.37794906077133,0,0,0,0,0,0,0,0
1.3074999999999999,411.85957585599425,9.0973759467194153,220.00000000000372,0,0,0,0,0,0,0,0
1.30752,411.85857815476243,8.4437836866852169,218.61336571592395,0,0,0,0,0,0,0,0
1.3075399999999999,411.81945546387277,9.8714871176947767,217.21810095050435,0,0,0,0,0,0,0,0
1.3075599999999998,411.84335601396452,7.9587675635973074,215.81426078639623,0,0,0,0,0,0,0,0
1.30758,411.79768907415786,9.4305054208237351,214.40190064479273,0,0,0,0,0,0,0,0
1.3075999999999999,411.79858918294735,8.6594749849662893,212.98107628327941,0,0,0,0,0,0,0,0
1.30762,411.78117865809008,8.3901313972059359,211.55184379354358,0,0,0,0,0,0,0,0
1.3076399999999999,411.74217792981284,9.4456742116069083,210.11425959926251,0,0,0,0,0,0,0,0
1.30766,411.75616861406996,7.4345822621028299,208.66838045377261,0,0,0,0,0,0,0,0
1.30768,411.69487183826828,9.3548765244214671,207.21426343793303,0,0,0,0,0,0,0,0
1.3076999999999999,411.69432669729673,8.1397807420212178,205.75196595778064,0,0,0,0,0,0,0,0
1.30772,411.65961670102121,8.3168312556882036,204.28154574230277,0,0,0,0,0,0,0,0
1.3077399999999999,411.62084720758713,8.9253935178760528,202.80306084119832,0,0,0,0,0,0,0,0
1.30776,411.61594438102759,7.2901057428346192,201.31656962249292,0,0,0,0,0,0,0,0
1.3077799999999999,411.5474054449964,9.1721770566107761,199.82213077034149,0,0,0,0,0,0,0,0
1.3077999999999999,411.54208800363426,7.6444222578331074,198.31980328261758,0,0,0,0,0,0,0,0
1.30782,411.49239738358648,8.1928660505590543,196.80964646862435,0,0,0,0,0,0,0,0
1.3078399999999999,411.45204717418937,8.417160396167084,195.29171994679433,0,0,0,0,0,0,0,0
1.30786,411.42944915059354,7.2200947211944086,193.76608364223998,0,0,0,0,0,0,0,0
1.3078799999999999,411.27364230854403,2.9203903857506681,192.23279778449796,1,0,0,0,0,0,0,0
1.3078999999999998,411.11789188895136,0.31766121539964054,190.69192290505475,1,0,0,0,0,0,0,0
1.30792,410.9621979090424,2.1778812210353364,189.14351983498409,1,0,0,0,0,0,0,0
1.3079399999999999,410.80656647659089,0.24953779738045265,187.58764970265807,1,0,0,0,0,0,0,0
1.30796,410.6509909956182,1.4894148205362208,186.02437393108093,1,0,0,0,0,0,0,0
1.3079799999999999,410.49547455461749,3.2964131469194742,184.453754235774,1,0,0,0,0,0,0,0
1.3080000000000001,410.34002093168641,0.73667641539673778,182.87585262207102,1,0,0,0,0,0,0,0
1.30802,410.18462234183414,2.4857245490368323,181.29073138285446,1,0,0,0,0,0,0,0
1.3080399999999999,410.02928620104802,0.15607519400551037,179.69845309598239,1,0,0,0,0,0,0,0
1.30806,409.87400535045361,1.6660983082487559,178.09908062186071,1,0,0,0,0,0,0,0
1.3080799999999999,409.71878315034127,3.3630887884909866,176.49267710100497,1,0,0,0,0,0,0,0
1.3081,409.5636233678548,0.9418485841065245,174.87930595144667,1,0,0,0,0,0,0,0
1.3081199999999999,409.40851870189425,2.6136761450613517,173.25903086634531,1,0,0,0,0,0,0,0
1.3081399999999999,409.25347639615137,0.18105704590519131,171.63191581137238,1,0,0,0,0,0,0,0
1.30816,409.0984891145975,1.8253451203125473,169.9980250222294,1,0,0,0,0,0,0,0
1.3081799999999999,408.94356050388069,3.4423767017751148,168.35742300215657,1,0,0,0,0,0,0,0
1.3082,408.78869408527157,1.0659347307003977,166.71017451928284,1,0,0,0,0,0,0,0
1.3082199999999999,408.63388272381803,2.6561275499130135,165.05634460418753,1,0,0,0,0,0,0,0
1.3082399999999998,408.47913343429946,0.3358386203927799,163.39599854722906,1,0,0,0,0,0,0,0
1.30826,408.32443923269733,1.8990224148782731,161.72920189601163,1,0,0,0,0,0,0,0
1.3082799999999999,408.16980359045874,3.4344150224995889,160.05602045284317,1,0,0,0,0,0,0,0
1.3083,408.01522985117612,1.1714296990411426,158.37652027203191,1,0,0,0,0,0,0,0
1.3083199999999999,407.86071123492394,2.6794532245965668,156.69076765739953,1,0,0,0,0,0,0,0
1.3083399999999998,407.70625440008769,0.47370782609631906,154.99882915955766,1,0,0,0,0,0,0,0
1.30836,407.55185272061175,1.9542007735799785,153.30077157332576,1,0,0,0,0,0,0,0
1.3083799999999999,407.39750948926275,3.406395601724256,151.59666193514047,1,0,0,0,0,0,0,0
1.3084,407.24322786861467,1.2590085378277323,149.88656752030161,1,0,0,0,0,0,0,0
1.3084199999999999,407.08900144047237,2.6833319829537672,148.17055584043945,1,0,0,0,0,0,0,0
1.30844,406.93483650020056,0.59421721977629149,146.44869464072576,1,0,0,0,0,0,0,0
1.30846,406.78072678625767,1.9905167195106119,144.7210518973236,1,0,0,0,0,0,0,0
1.3084799999999999,406.62667540944148,3.3580394394053976,142.9876958145947,1,0,0,0,0,0,0,0
1.3085,406.47268534814634,1.3282828232827599,141.24869482243773,1,0,0,0,0,0,0,0
1.3085199999999999,406.31875055225748,2.6674603914468755,139.50411757371296,1,0,0,0,0,0,0,0
1.30854,406.16487694784416,0.69695296244300009,137.75403294124823,1,0,0,0,0,0,0,0
1.3085599999999999,406.01105864407549,2.0076419079785661,135.99851001546733,1,0,0,0,0,0,0,0
1.3085799999999999,405.85730140723308,0.096839370953733989,134.23761810137782,1,0,0,0,0,0,0,0
1.3086,405.7035995068594,1.378898838254776,132.47142671596131,1,0,0,0,0,0,0,0
1.3086199999999999,405.54995578859985,2.6315711891029019,130.7000055854615,1,0,0,0,0,0,0,0
1.30864,405.39637296275271,0.78153551970009516,128.92342464251934,1,0,0,0,0,0,0,0
1.3086599999999999,405.24284551503388,2.0052837355023332,127.14175402354066,1,0,0,0,0,0,0,0
1.3086799999999998,405.08937883407572,0.21584569263712997,125.35506406581472,1,0,0,0,0,0,0,0
1.3087,404.93596756837462,1.4105381991984478,123.56342530478551,1,0,0,0,0,0,0,0
1.3087199999999999,404.78261437435447,2.5754338268042027,121.76690847131599,1,0,0,0,0,0,0,0
1.30874,404.62932177120234,0.84762030717532089,119.96558448878206,1,0,0,0,0,0,0,0
1.3087599999999999,404.47608462664397,1.9831858970674001,118.15952447040283,1,0,0,0,0,0,0,0
1.3087799999999998,404.32290794627619,0.31680503631983914,116.34879971631904,1,0,0,0,0,0,0,0
1.3088,404.16978676285754,1.4229184317809476,114.53348171082712,1,0,0,0,0,0,0,0
1.3088199999999999,404.01672354092369,2.4988549538094178,112.7136421196064,1,0,0,0,0,0,0,0
1.30884,403.8637206060144,0.89489828484410172,110.88935278677501,1,0,0,0,0,0,0,0
1.3088599999999999,403.71077321296099,1.9411288909106288,109.06068573218508,1,0,0,0,0,0,0,0
1.30888,403.55788597931235,0.39938141710290426,107.22771314844768,1,0,0,0,0,0,0,0
1.3089,403.40505432702037,1.415793494291965,105.39050739821504,1,0,0,0,0,0,0,0
1.3089199999999999,403.25228052625357,2.4016788507722335,103.54914101120779,1,0,0,0,0,0,0,0
1.30894,403.09956670655907,0.92309649941198091,101.70368668140128,1,0,0,0,0,0,0,0
1.3089599999999999,402.94690851459114,1.8789304700885039,99.8542172642059,1,0,0,0,0,0,0,0
1.30898,402.79431017521335,0.46327461589254881,98.000805773473985,1,0,0,0,0,0,0,0
1.3089999999999999,402.64176750412781,1.3889542481025277,96.143525378751164,1,0,0,0,0,0,0,0
1.3090199999999999,402.48928455679959,0.036553461167869908,94.282449402270515,1,0,0,0,0,0,0,0
1.30904,402.33685731876153,0.93197857398940376,92.417651316108007,1,0,0,0,0,0,0,0
1.3090599999999999,402.18448777869429,1.7964460401550109,90.549204739332794,1,0,0,0,0,0,0,0
1.30908,402.03217778256862,0.50822068860036695,88.67718343496567,1,0,0,0,0,0,0,0
1.3090999999999999,401.87992354400291,1.3422288744868784,86.801661307270052,1,0,0,0,0,0,0,0
1.3091199999999998,401.72772871980334,0.11788662365742796,84.922712398631305,1,0,0,0,0,0,0,0
1.30914,401.57558969510774,0.92134514436115211,83.040410886667019,1,0,0,0,0,0,0,0
1.3091599999999999,401.42350825898933,1.6935690023446077,81.15483108150292,1,0,0,0,0,0,0,0
1.30918,401.27148605652366,0.53399242214803322,79.266047422549974,1,0,0,0,0,0,0,0
1.3091999999999999,401.11951970302698,1.2754832371909977,77.374134475787116,1,0,0,0,0,0,0,0
1.3092200000000001,400.96761245294624,0.18035696461487305,75.479166930663737,1,0,0,0,0,0,0,0
1.30924,400.81576109464027,0.89103424122235153,73.58121959728814,1,0,0,0,0,0,0,0
1.3092599999999999,400.66396721575353,1.5702310417263927,71.680367403354083,1,0,0,0,0,0,0,0
1.30928,400.51223225878499,0.54039973663620278,69.776685391234182,1,0,0,0,0,0,0,0
1.3092999999999999,400.36055324413803,1.1886211902022832,67.870248715069096,1,0,0,0,0,0,0,0
1.30932,400.20893302059625,0.22374603412088589,65.961132637679952,1,0,0,0,0,0,0,0
1.3093399999999999,400.05736878296034,0.84092161782321861,64.0494125277351,1,0,0,0,0,0,0,0
1.3093599999999999,399.90586191582042,1.4264023598671658,62.135163856653833,1,0,0,0,0,0,0,0
1.30938,399.75441365761696,0.52729003310757039,60.218462195678626,1,0,0,0,0,0,0,0
1.3093999999999999,399.60302143683356,1.0815848302459938,58.299383212943795,1,0,0,0,0,0,0,0
1.30942,399.45168769368331,0.24787264781491172,56.378002670366875,1,0,0,0,0,0,0,0
1.3094399999999999,399.30041003222914,0.77092102253605843,54.45439642079652,1,0,0,0,0,0,0,0
1.3094599999999998,399.14918963258344,1.2620918516129138,52.528640404896358,1,0,0,0,0,0,0,0
1.30948,398.99802752784387,0.49454848640505922,50.600810648199015,1,0,0,0,0,0,0,0
1.3094999999999999,398.84692155716931,0.95435469360578606,48.670983258157186,1,0,0,0,0,0,0,0
1.30952,398.69587374969211,0.25259320024857235,46.739234421016931,1,0,0,0,0,0,0,0
1.3095399999999999,398.54488212116343,0.68098441592955594,44.80564039894962,1,0,0,0,0,0,0,0
1.3095599999999998,398.39394852396873,0.045169536015276443,42.870277526918905,1,0,0,0,0,0,0,0
1.30958,398.24307115084196,0.44209828269777068,40.933222209719581,1,0,0,0,0,0,0,0
1.3095999999999999,398.0922508877515,0.80694989693847685,38.994550919013847,1,0,0,0,0,0,0,0
1.30962,397.94148847266035,0.23780192304438133,37.054340190189649,1,0,0,0,0,0,0,0
1.3096399999999999,397.79078233502952,0.57110213200788718,35.112666619479498,1,0,0,0,0,0,0,0
1.30966,397.64013391325244,0.068189301744039865,33.169606860778572,1,0,0,0,0,0,0,0
1.30968,397.48954181453905,0.36990080131951919,31.225237622829393,1,0,0,0,0,0,0,0
1.3096999999999999,397.33900671773711,0.6394282218256494,29.279635665982653,1,0,0,0,0,0,0,0
1.30972,397.18852915317495,0.2034310874918254,27.332877799201768,1,0,0,0,0,0,0,0
1.3097399999999999,397.03810796564358,0.44130298334494683,25.38504087724198,1,0,0,0,0,0,0,0
1.30976,396.88774417801028,0.071766461764514095,23.43620179731688,1,0,0,0,0,0,0,0
1.3097799999999999,396.73743681340687,0.27795574063754847,21.486437496291657,1,0,0,0,0,0,0,0
1.3097999999999999,396.58718634282428,0.45188614287836926,19.535824947504764,1,0,0,0,0,0,0,0
1.30982,396.43699308836347,0.14945115128549386,17.584441157781985,1,0,0,0,0,0,0,0
1.3098399999999999,396.28685631135806,0.29165430991693431,15.632363164449334,1,0,0,0,0,0,0,0
1.30986,396.13677661802467,0.055842125409490517,13.679668032168184,1,0,0,0,0,0,0,0
1.3098799999999999,395.98675344845589,0.16630118774183364,11.726432850034133,1,0,0,0,0,0,0,0
1.3098999999999998,395.8367870652491,0.24445879928456846,9.7727347284100361,1,0,0,0,0,0,0,0
1.30992,395.68687758189026,0.075870849182859718,7.8186507959347882,1,0,0,0,0,0,0,0
1.3099399999999999,395.53702467706279,0.12226197151036422,5.8642581965314697,1,0,0,0,0,0,0,0
1.30996,395.3872285396111,0.020395594496386029,3.9096340862380883,1,0,0,0,0,0,0,0
1.3099799999999999,395.23748902722235,0.035013631819139024,1.9548556303030311,1,0,0,0,0,0,0,0
1.3099999999999998,395.08780614968958,8.3160043315441314e-07,1.4939476526361785e-11,1,0,0,0,0,0,0,0
1.31002,394.85030850749598,3.9342946306114128,-1.954855630290838,1,0,0,0,0,0,0,0
1.3100399999999999,394.57892049865478,7.6294437932051684,-3.9096340862258954,1,0,0,0,0,0,0,0
1.31006,394.35373228785897,2.0727432841634235,-5.8642581965192786,1,0,0,0,0,0,0,0
1.3100799999999999,394.1031788688594,5.736354265855975,-7.8186507959225979,1,0,0,0,0,0,0,0
1.3101,393.86296738880543,0.19204231366343005,-9.7727347283978503,1,0,0,0,0,0,0,0
1.31012,393.63375841695176,3.8856998753647911,-11.726432850021947,1,0,0,0,0,0,0,0
1.3101399999999999,393.38335385635031,0.55631883888619638,-13.679668032156002,1,0,0,0,0,0,0,0
1.31016,393.17105141706935,2.0773057430476527,-15.632363164437155,1,0,0,0,0,0,0,0
1.3101799999999999,392.93213217957214,5.6368270584088114,-17.58444115776981,1,0,0,0,0,0,0,0
1.3102,392.71289536174231,0.31098075110477669,-19.535824947510246,1,0,0,0,0,0,0,0
1.3102199999999999,392.49322429015149,3.8368053411046992,-21.486437496279489,1,0,0,0,0,0,0,0
1.3102399999999998,392.26218684747369,0.0012135492822581498,-23.436201797304719,1,0,0,0,0,0,0,0
1.31026,392.05973432782099,2.0787106404991973,-25.385040877247452,1,0,0,0,0,0,0,0
1.3102799999999999,391.83117294231585,5.5349755283162461,-27.332877799189621,1,0,0,0,0,0,0,0
1.3103,391.6297174666193,0.36234876444984265,-29.279635665970517,1,0,0,0,0,0,0,0
1.3103199999999999,391.41966114626774,3.7852017077828659,-31.225237622834857,1,0,0,0,0,0,0,0
1.3103399999999998,391.20672955535923,-3.3169548217169096e-05,-33.169606860784029,1,0,0,0,0,0,0,0
1.31036,391.01322166880084,2.0770191011312704,-35.112666619467383,1,0,0,0,0,0,0,0
1.3103799999999999,390.79487510879062,0.087258782591660755,-37.054340190177548,1,0,0,0,0,0,0,0
1.3104,390.60919636694791,0.41021616050929344,-38.994550919001746,1,0,0,0,0,0,0,0
1.3104199999999999,390.407584116294,3.7309767757226115,-40.933222209707488,1,0,0,0,0,0,0,0
1.31044,390.20987294580914,-4.2870219011419001e-05,-42.870277526906825,1,0,0,0,0,0,0,0
1.31046,390.02415217957525,2.0722893244390455,-44.805640398937548,1,0,0,0,0,0,0,0
1.3104799999999999,389.82033604072365,0.64906967684621364,-46.73923442100488,1,0,0,0,0,0,0,0
1.3105,389.64282610353877,0.45463013661207452,-48.670983258145149,1,0,0,0,0,0,0,0
1.3105199999999999,389.44936590441296,3.6741975510014866,-50.600810648186979,1,0,0,0,0,0,0,0
1.31054,389.26632166859332,-5.2528582075271442e-05,-52.528640404884335,1,0,0,0,0,0,0,0
1.3105599999999999,389.08750953515931,2.0645952430510874,-54.454396420784519,1,0,0,0,0,0,0,0
1.3105799999999999,388.89708357117127,-5.6377944431211573e-05,-56.378002670354881,1,0,0,0,0,0,0,0
1.3106,388.72618436024572,0.4956446695361455,-58.299383212931815,1,0,0,0,0,0,0,0
1.3106199999999999,388.53926615345392,3.6149526538006311,-60.218462195666653,1,0,0,0,0,0,0,0
1.31064,388.36835442089728,-6.2135105770468326e-05,-62.135163856641888,1,0,0,0,0,0,0,0
1.3106599999999999,388.19551567462878,2.053996047073793,-64.049412527723163,1,0,0,0,0,0,0,0
1.3106799999999998,388.01769374714019,-6.596107466493633e-05,-65.96113263766803,1,0,0,0,0,0,0,0
1.3107,387.8529456610982,0.53331389330608658,-67.870248715057187,1,0,0,0,0,0,0,0
1.3107199999999999,387.67418542093031,0.26531266106932411,-69.776685391222301,1,0,0,0,0,0,0,0
1.31074,387.51213393823372,-7.1680309617931911e-05,-71.680367403342217,1,0,0,0,0,0,0,0
1.3107599999999999,387.34482439464693,2.040580543222501,-73.581219597276288,1,0,0,0,0,0,0,0
1.3107799999999998,387.17763984637583,-7.547910928153315e-05,-75.479166930651914,1,0,0,0,0,0,0,0
1.3108,387.01847755364525,0.56769704962447565,-77.374134475775293,1,0,0,0,0,0,0,0
1.3108199999999999,386.84937310923402,-7.9265989918787222e-05,-79.266047422538179,1,0,0,0,0,0,0,0
1.31084,386.69227154589413,-8.1154773653888311e-05,-81.154831081508235,1,0,0,0,0,0,0,0
1.3108599999999999,386.53023538195731,1.9737850185627763,-83.040410886672305,1,0,0,0,0,0,0,0
1.31088,386.37221090350846,-8.4922655130006258e-05,-84.922712398619581,1,0,0,0,0,0,0,0
1.3109,386.21727058233603,0.54893443526634411,-86.80166130727531,1,0,0,0,0,0,0,0
1.3109199999999999,386.05669271270295,-8.8677126334407689e-05,-88.677183434970928,1,0,0,0,0,0,0,0
1.31094,385.90411630479969,-9.054914772616579e-05,-90.549204739321112,1,0,0,0,0,0,0,0
1.3109599999999999,385.74661030849416,0.030115531005979568,-92.417651316096368,1,0,0,0,0,0,0,0
1.31098,385.59558871437662,-9.4282392570668413e-05,-94.282449402258891,1,0,0,0,0,0,0,0
1.3109999999999999,385.44431412228795,0.53038065096904485,-96.143525378739554,1,0,0,0,0,0,0,0
1.3110199999999999,385.29075162422174,-9.8000749132411266e-05,-98.000805773462417,1,0,0,0,0,0,0,0
1.31104,385.14133977679506,-9.9854160721768749e-05,-99.854217264194347,1,0,0,0,0,0,0,0
1.3110599999999999,384.98980414580819,-0.00010170363023979274,-101.70368668138975,1,0,0,0,0,0,0,0
1.31108,384.84157451557445,-0.00010354908467271462,-103.54914101119631,1,0,0,0,0,0,0,0
1.3110999999999999,384.69341570810451,0.46547489183691432,-105.39050739820357,1,0,0,0,0,0,0,0
1.3111199999999998,384.54480060777405,-0.00010722765702279505,-107.22771314843624,1,0,0,0,0,0,0,0
1.31114,384.39790192389796,-0.00010906062971627832,-109.06068573217367,1,0,0,0,0,0,0,0
1.3111599999999999,384.25053329895781,-0.00011088929688282582,-110.88935278676361,1,0,0,0,0,0,0,0
1.31118,384.10433793241663,-0.0001127135863298214,-112.71364211959505,1,0,0,0,0,0,0,0
1.3111999999999999,383.9581037740071,0.40408294728643634,-114.53348171081578,1,0,0,0,0,0,0,0
1.3112199999999998,383.81241155408844,-0.00011634874416144944,-116.34879971629134,1,0,0,0,0,0,0,0
1.31124,383.66693449008523,-0.00011815946903630749,-118.15952447039156,1,0,0,0,0,0,0,0
1.3112599999999999,383.5215501520093,-0.00011996552917763323,-119.96558448877082,1,0,0,0,0,0,0,0
1.31128,383.37630103414477,-0.00012176685328529703,-121.76690847130476,1,0,0,0,0,0,0,0
1.3112999999999999,383.23111023829296,-0.00012356337024607521,-123.56342530477431,1,0,0,0,0,0,0,0
1.31132,383.0859744285396,-0.00012535500913658668,-125.35506406580356,1,0,0,0,0,0,0,0
1.31134,382.94089358406109,-0.00012714169922596337,-127.14175402352951,1,0,0,0,0,0,0,0
1.3113599999999999,382.79586768404175,-0.00012892336997875626,-128.92342464250825,1,0,0,0,0,0,0,0
1.31138,382.65089670767219,-0.00013069995105767043,-130.70000558545041,1,0,0,0,0,0,0,0
1.3113999999999999,382.50598063415259,-0.00013247137232629507,-132.47142671595029,1,0,0,0,0,0,0,0
1.31142,382.36111944268941,-0.0001342375638519994,-134.23761810138276,1,0,0,0,0,0,0,0
1.3114399999999999,382.21631311249882,-0.00013599845590850257,-135.99851001547228,1,0,0,0,0,0,0,0
1.3114599999999998,382.0715616228041,-0.00013775397897881745,-137.75403294123728,1,0,0,0,0,0,0,0
1.31148,381.92686495283573,-0.00013950406375796206,-139.50411757370205,1,0,0,0,0,0,0,0
1.3114999999999999,381.78222308183274,-0.00014124864115550725,-141.24869482244264,1,0,0,0,0,0,0,0
1.31152,381.63763598904245,-0.00014298764229857174,-142.98769581458387,1,0,0,0,0,0,0,0
1.3115399999999999,381.493103653719,-0.00014472099853433666,-144.7210518973128,1,0,0,0,0,0,0,0
1.3115599999999998,381.34862605512404,-0.00014644864143288159,-146.44869464071499,1,0,0,0,0,0,0,0
1.31158,381.20420317252916,-0.00014817050278983845,-148.1705558404287,1,0,0,0,0,0,0,0
1.3115999999999999,381.05983498521186,-0.00014988651462903831,-149.88656752029092,1,0,0,0,0,0,0,0
1.31162,380.91552147245829,-0.00015159660920530276,-151.59666193512982,1,0,0,0,0,0,0,0
1.3116399999999999,380.77126261356227,-0.00015330071900699537,-153.30077157331516,1,0,0,0,0,0,0,0
1.31166,380.62705838782568,-0.00015499877675880986,-154.99882915954709,1,0,0,0,0,0,0,0
1.31168,380.48290877455821,-0.00015669071542430296,-156.69076765738899,1,0,0,0,0,0,0,0
1.3116999999999999,380.33881375307652,-0.00015837646820864875,-158.37652027202139,1,0,0,0,0,0,0,0
1.31172,380.19477330270649,-0.00016005596856122865,-160.05602045283271,1,0,0,0,0,0,0,0
1.3117399999999999,380.05078740278071,-0.0001617291501782144,-161.7292018960012,1,0,0,0,0,0,0,0
1.31176,379.90685603264069,-0.00016339594700529099,-163.39599854721868,1,0,0,0,0,0,0,0
1.3117799999999999,379.76297917163447,-0.0001650562932401432,-165.05634460417721,1,0,0,0,0,0,0,0
1.3117999999999999,379.61915679911874,-0.00016671012333516026,-166.71017451927256,1,0,0,0,0,0,0,0
1.31182,379.47538889445815,-0.00016835737199997618,-168.35742300214636,1,0,0,0,0,0,0,0
1.3118399999999999,379.33167543702473,-0.00016999797420400465,-169.99802502221922,1,0,0,0,0,0,0,0
1.31186,379.18801640619762,-0.00017163186517910964,-171.63191581136223,1,0,0,0,0,0,0,0
1.3118799999999999,379.0444117813654,-0.00017325898042204336,-173.25903086633519,1,0,0,0,0,0,0,0
1.3118999999999998,378.90086154192386,-0.00017487925569709706,-174.87930595143658,1,0,0,0,0,0,0,0
1.31192,378.75736566727585,-0.00017649262703859156,-176.49267710099497,1,0,0,0,0,0,0,0
1.3119399999999999,378.61392413683279,-0.0001780990307533599,-178.09908062185067,1,0,0,0,0,0,0,0
1.31196,378.47053693001345,-0.00017969840342337722,-179.69845309598688,1,0,0,0,0,0,0,0
1.3119799999999999,378.32720402624483,-0.00018129068190807725,-181.29073138284454,1,0,0,0,0,0,0,0
1.3119999999999998,378.18392540496131,-0.00018287580334708941,-182.87585262206119,1,0,0,0,0,0,0,0
1.31202,378.04070104560526,-0.00018445370516254725,-184.45375423577843,1,0,0,0,0,0,0,0
1.3120399999999999,377.8975309276268,-0.00018602432506153226,-186.02437393108531,1,0,0,0,0,0,0,0
1.31206,377.75441503048404,-0.00018758760103870258,-187.58764970264832,1,0,0,0,0,0,0,0
1.3120799999999999,377.61135333364217,-0.00018914347137857123,-189.14351983498847,1,0,0,0,0,0,0,0
1.3121,377.46834581657544,-0.00019069187465806941,-190.69192290504515,1,0,0,0,0,0,0,0
1.31212,377.32539245876404,-0.00019223274974885886,-192.23279778448838,1,0,0,0,0,0,0,0
1.3121399999999999,377.18249323969849,-0.00019376603581984359,-193.76608364223046,1,0,0,0,0,0,0,0
1.31216,377.03964813887347,-0.0001952916723395284,-195.29171994678484,1,0,0,0,0,0,0,0
1.3121799999999999,376.89685713579536,-0.00019680959907836845,-196.80964646861489,1,0,0,0,0,0,0,0
1.3122,376.75412020997612,-0.0001983197561112426,-198.31980328260821,1,0,0,0,0,0,0,0
1.3122199999999999,376.6114373409352,-0.00019982208381970961,-199.82213077033211,1,0,0,0,0,0,0,0
1.3122399999999999,376.46880850820133,-0.00020131652289445787,-201.31656962248363,1,0,0,0,0,0,0,0
1.31226,376.32623369130948,-0.00020280301433760461,-202.80306084118908,1,0,0,0,0,0,0,0
1.3122799999999999,376.183712869803,-0.00020428149946498636,-204.28154574229356,1,0,0,0,0,0,0,0
1.3123,376.04124602323293,-0.00020575191990856848,-205.75196595777149,1,0,0,0,0,0,0,0
1.3123199999999999,375.89883313115854,-0.0002072142176186431,-207.21426343792396,1,0,0,0,0,0,0,0
1.3123399999999998,375.75647417314553,-0.00020866833486621387,-208.66838045376355,1,0,0,0,0,0,0,0
1.31236,375.61416912876911,-0.00021011421424523436,-210.11425959925347,1,0,0,0,0,0,0,0
1.3123799999999999,375.47191797761008,-0.00021155179867483691,-211.55184379353463,1,0,0,0,0,0,0,0
1.3124,375.32972069925967,-0.00021298103140167518,-212.98107628327054,1,0,0,0,0,0,0,0
1.3124199999999999,375.18757727331456,-0.00021440185600206285,-214.40190064478389,1,0,0,0,0,0,0,0
1.3124400000000001,375.04548767937996,-0.0002158142163843031,-215.81426078638742,1,0,0,0,0,0,0,0
1.31246,374.90345189706949,-0.00021721805679080088,-217.2181009504956,1,0,0,0,0,0,0,0
1.3124799999999999,374.76146990600307,-0.00021861332180035361,-218.61336571591528,1,0,0,0,0,0,0,0
1.3125,374.61954168580939,-0.00021999995633030004,-219.99999999999508,1,0,0,0,0,0,0,0
1.3125199999999999,374.47766721612436,-0.00022137790563865842,-221.37794906076275,1,0,0,0,0,0,0,0
1.31254,374.33584647659205,-0.00022274711532638649,-222.74715849918599,1,0,0,0,0,0,0,0
1.3125599999999999,374.19407944686384,-0.0002241075313393688,-224.1075742611589,1,0,0,0,0,0,0,0
1.3125799999999999,374.0523661065987,-0.00022545909997075974,-225.45914263984599,1,0,0,0,0,0,0,0
1.3126,373.91070643546385,-0.00022680176786295575,-226.80181027765386,1,0,0,0,0,0,0,0
1.3126199999999999,373.76910041313397,-0.00022813548200967921,-228.13552416831453,1,0,0,0,0,0,0,0
1.31264,373.62754801929145,-0.00022946018975821545,-229.46023165912368,1,0,0,0,0,0,0,0
1.3126599999999999,373.48604923362649,-0.00023077583881134684,-230.77588045287379,1,0,0,0,0,0,0,0
1.3126799999999998,373.34460403583614,-0.00023208237722951365,-232.08241861001531,1,0,0,0,0,0,0,0
1.3127,373.20321240562652,-0.00023337975343282774,-233.37979455067062,1,0,0,0,0,0,0,0
1.3127199999999999,373.06187432271054,-0.00023466791620307484,-234.66795705663557,1,0,0,0,0,0,0,0
1.31274,372.92058976680903,-0.00023594681468581759,-235.94685527348344,1,0,0,0,0,0,0,0
1.3127599999999999,372.77935871764959,-0.00023721639839231073,-237.21643871247932,1,0,0,0,0,0,0,0
1.3127799999999998,372.63818115496917,-0.000238476617201575,-238.47665725265446,1,0,0,0,0,0,0,0
1.3128,372.49705705851187,-0.00023972742136234076,-239.72746114275012,1,0,0,0,0,0,0,0
1.3128199999999999,372.35598640802834,-0.00024096876149497907,-240.96880100314769,1,0,0,0,0,0,0,0
1.31284,372.21496918327807,-0.0002422005885935292,-242.20062782789753,1,0,0,0,0,0,0,0
1.3128599999999999,372.0740053640281,-0.00024342285402754446,-243.42289298656351,1,0,0,0,0,0,0,0
1.31288,371.93309493005262,-0.00024463550954410043,-244.63554822623217,1,0,0,0,0,0,0,0
1.3129,371.79223786113386,-0.00024583850726961169,-245.83854567332904,1,0,0,0,0,0,0,0
1.3129199999999999,371.65143413706164,-0.00024703179971179916,-247.0318378355858,1,0,0,0,0,0,0,0
1.31294,371.51068373763366,-0.00024821533976153063,-248.21537760388185,1,0,0,0,0,0,0,0
1.3129599999999999,371.36998664265434,-0.00024938908069465054,-249.38911825407223,1,0,0,0,0,0,0,0
1.31298,371.22934283193706,-0.00025055297617389776,-250.55301344890702,1,0,0,0,0,0,0,0
1.3129999999999999,371.0887522853015,-0.00025170698025065049,-251.70701723977589,1,0,0,0,0,0,0,0
1.3130199999999999,370.94821498257676,-0.00025285104736681442,-252.85108406859564,1,0,0,0,0,0,0,0
1.31304,370.80773090359753,-0.00025398513235658888,-253.98516876957706,1,0,0,0,0,0,0,0
1.3130599999999999,370.66730002820776,-0.00025510919044821986,-255.10922657097748,1,0,0,0,0,0,0,0
1.31308,370.52692233625845,-0.00025622317726583897,-256.22321309693996,1,0,0,0,0,0,0,0
1.3130999999999999,370.38659780760759,-0.00025732704883113397,-257.32708436916374,1,0,0,0,0,0,0,0
1.3131199999999998,370.24632642212174,-0.0002584207615651557,-258.42079680871126,1,0,0,0,0,0,0,0
1.31314,370.10610815967459,-0.00025950427229001749,-259.50430723770762,1,0,0,0,0,0,0,0
1.3131599999999999,369.96594300014743,-0.00026057753823052277,-260.57757288096758,1,0,0,0,0,0,0,0
1.31318,369.82583092342958,-0.00026164051701602764,-261.64055136785936,1,0,0,0,0,0,0,0
1.3131999999999999,369.6857719094175,-0.00026269316668190188,-262.69320073376434,1,0,0,0,0,0,0,0
1.3132199999999998,369.54576593801579,-0.0002637354456713584,-263.7354794219072,1,0,0,0,0,0,0,0
1.31324,369.40581298913628,-0.0002647673128370165,-264.76734628491931,1,0,0,0,0,0,0,0
1.3132599999999999,369.26591304269863,-0.00026578872744250888,-265.78876058644516,1,0,0,0,0,0,0,0
1.31328,369.12606607862898,-0.00026679964916415414,-266.79968200281547,1,0,0,0,0,0,0,0
1.3132999999999999,368.98627207686337,-0.00026780003809247536,-267.80007062456536,1,0,0,0,0,0,0,0
1.31332,368.84653101734381,-0.00026878985473384898,-268.78988695808329,1,0,0,0,0,0,0,0
1.31334,368.70684288001968,-0.00026976906001199066,-269.76909192709712,1,0,0,0,0,0,0,0
1.3133599999999999,368.56720764484874,-0.00027073761526956181,-270.73764687428041,1,0,0,0,0,0,0,0
1.31338,368.42762529179583,-0.00027169548226966774,-271.69551356275093,1,0,0,0,0,0,0,0
1.3133999999999999,368.28809580083458,-0.00027264262319734233,-272.64265417755462,1,0,0,0,0,0,0,0
1.31342,368.14861915194405,-0.00027357900066110055,-273.57903132721884,1,0,0,0,0,0,0,0
1.3134399999999999,368.00919532511335,-0.00027450457769434642,-274.50460804516018,1,0,0,0,0,0,0,0
1.3134599999999998,367.86982430033731,-0.0002754193177568923,-275.41934779120322,1,0,0,0,0,0,0,0
1.31348,367.73050605761875,-0.00027632318473637456,-276.32321445299704,1,0,0,0,0,0,0,0
1.3134999999999999,367.59124057696829,-0.0002772161429496565,-277.21617234741734,1,0,0,0,0,0,0,0
1.31352,367.45202783840404,-0.00027809815714429286,-278.09818622203142,1,0,0,0,0,0,0,0
1.3135399999999999,367.3128678219519,-0.00027896919249985748,-278.96922125642595,1,0,0,0,0,0,0,0
1.3135599999999998,367.17376050764517,-0.00027982921462937422,-279.82924306363714,1,0,0,0,0,0,0,0
1.31358,367.03470587552454,-0.00028067818958064927,-280.67821769148429,1,0,0,0,0,0,0,0
1.3135999999999999,366.89570390563875,-0.00028151608383759024,-281.51611162388747,1,0,0,0,0,0,0,0
1.31362,366.75675457804317,-0.00028234286432158142,-282.34289178224401,1,0,0,0,0,0,0,0
1.3136399999999999,366.61785787280195,-0.00028315849839273018,-283.158525526674,1,0,0,0,0,0,0,0
1.31366,366.47901376998601,-0.00028396295385121477,-283.96298065736863,1,0,0,0,0,0,0,0
1.31368,366.34022224967327,-0.00028475619893849653,-284.75622541580213,1,0,0,0,0,0,0,0
1.3136999999999999,366.20148329195086,-0.00028553820233862508,-285.5382284860371,1,0,0,0,0,0,0,0
1.31372,366.06279687691199,-0.00028630893317945871,-286.30895899594509,1,0,0,0,0,0,0,0
1.3137399999999999,365.92416298465832,-0.00028706836103382921,-287.06838651837057,1,0,0,0,0,0,0,0
1.31376,365.78558159529797,-0.00028781645592086631,-287.81648107245661,1,0,0,0,0,0,0,0
1.3137799999999999,365.64705268894778,-0.00028855318830703076,-288.55321312467714,1,0,0,0,0,0,0,0
1.3137999999999999,365.50857624573104,-0.00028927852910740325,-289.2785535901258,1,0,0,0,0,0,0,0
1.31382,365.37015224577891,-0.00028999244968677711,-289.99247383360944,1,0,0,0,0,0,0,0
1.3138399999999999,365.231780669231,-0.00029069492186077769,-290.6949456707664,1,0,0,0,0,0,0,0
1.31386,365.09346149623394,-0.00029138591789701877,-291.38594136922399,1,0,0,0,0,0,0,0
1.3138799999999999,364.9551947069412,-0.00029206541051614781,-292.06543364964278,1,0,0,0,0,0,0,0
1.3138999999999998,364.81698028151408,-0.00029273337289296579,-292.7333956868373,1,0,0,0,0,0,0,0
1.31392,364.67881820012173,-0.00029338977865746773,-293.38980111081594,1,0,0,0,0,0,0,0
1.3139399999999999,364.54070844294097,-0.00029403460189586614,-294.03462400780461,1,0,0,0,0,0,0,0
1.31396,364.40265099015511,-0.0002946678171516554,-294.66783892131122,1,0,0,0,0,0,0,0
1.3139799999999999,364.26464582195604,-0.0002952893994265699,-295.28942085308358,1,0,0,0,0,0,0,0
1.3139999999999998,364.12669291854223,-0.00029589932418161159,-295.89934526413731,1,0,0,0,0,0,0,0
1.31402,363.98879226012087,-0.0002964975673380008,-296.49758807570623,1,0,0,0,0,0,0,0
1.3140399999999999,363.85094382690562,-0.0002970841052781114,-297.0841256701778,1,0,0,0,0,0,0,0
1.31406,363.71314759911792,-0.00029765891484644026,-297.65893489206263,1,0,0,0,0,0,0,0
1.3140799999999999,363.57540355698677,-0.00029822197335047947,-298.22199304886647,1,0,0,0,0,0,0,0
1.3141,363.43771168074875,-0.0002987732585616537,-298.77327791202765,1,0,0,0,0,0,0,0
1.31412,363.30007195064763,-0.00029931274871615676,-299.31276771775373,1,0,0,0,0,0,0,0
1.3141399999999999,363.16248434693415,-0.00029984042251584604,-299.84044116791586,1,0,0,0,0,0,0,0
1.31416,363.02494884986839,-0.00030035625912906813,-300.35627743087451,1,0,0,0,0,0,0,0
1.3141799999999999,362.88746543971655,-0.00030086023819146754,-300.86025614228794,1,0,0,0,0,0,0,0
1.3142,362.75003409675185,-0.00030135233980682283,-301.35235740594857,1,0,0,0,0,0,0,0
1.3142199999999999,362.61265480125644,-0.00030183254454779605,-301.8325617945323,1,0,0,0,0,0,0,0
1.3142399999999999,362.4753275335184,-0.00030230083345673069,-302.30085035039662,1,0,0,0,0,0,0,0
1.31426,362.33805227383402,-0.00030275718804638658,-302.75720458631525,1,0,0,0,0,0,0,0
1.3142799999999999,362.20082900250731,-0.0003032015903006576,-303.20160648619606,1,0,0,0,0,0,0,0
1.3143,362.06365769984905,-0.00030363402267531567,-303.63403850582495,1,0,0,0,0,0,0,0
1.3143199999999999,361.92653834617812,-0.00030405446809865538,-304.05448357351054,1,0,0,0,0,0,0,0
1.3143399999999998,361.78947092182091,-0.00030446290997221577,-304.46292509080575,1,0,0,0,0,0,0,0
1.31436,361.65245540711049,-0.00030485933217142523,-304.85934693315335,1,0,0,0,0,0,0,0
1.3143799999999999,361.5154917823881,-0.00030524371904619625,-305.24373345047962,1,0,0,0,0,0,0,0
1.3144,361.37858002800198,-0.00030561605542160354,-305.61606946787361,1,0,0,0,0,0,0,0
1.3144199999999999,361.24172012430813,-0.00030597632659843814,-305.97634028614033,1,0,0,0,0,0,0,0
1.3144399999999998,361.10491205166971,-0.00030632451835381404,-306.32453168240801,1,0,0,0,0,0,0,0
1.31446,360.96815579045767,-0.00030666061694172004,-306.66062991067952,1,0,0,0,0,0,0,0
1.3144799999999999,360.83145132104943,-0.00030698460909355326,-306.98462170236633,1,0,0,0,0,0,0,0
1.3145,360.69479862383156,-0.00030729648201866417,-307.29649426683301,1,0,0,0,0,0,0,0
1.3145199999999999,360.55819767919678,-0.00030759622340483796,-307.59623529187911,1,0,0,0,0,0,0,0
1.31454,360.42164846754582,-0.00030788382141880364,-307.88383294424773,1,0,0,0,0,0,0,0
1.31456,360.28515096928606,-0.00030815926470667863,-308.1592758700707,1,0,0,0,0,0,0,0
1.3145799999999999,360.1487051648333,-0.00030842254239443631,-308.42255319533558,1,0,0,0,0,0,0,0
1.3146,360.01231103460947,-0.00030867364408832643,-308.67365452630662,1,0,0,0,0,0,0,0
1.3146199999999999,359.87596855904565,-0.00030891255987527971,-308.91256994992864,1,0,0,0,0,0,0,0
1.31464,359.739677718579,-0.00030913928032331431,-309.13929003423431,1,0,0,0,0,0,0,0
1.3146599999999999,359.60343849365404,-0.00030935379648189086,-309.35380582869857,1,0,0,0,0,0,0,0
1.3146799999999998,359.46725086472316,-0.000309556099882281,-309.55610886460738,1,0,0,0,0,0,0,0
1.3147,359.33111481224671,-0.00030974618253789448,-309.74619115538491,1,0,0,0,0,0,0,0
1.3147199999999999,359.19503031669183,-0.00030992403694459002,-309.92404519690439,1,0,0,0,0,0,0,0
1.31474,359.05899735853279,-0.00031008965608098359,-310.08966396779607,1,0,0,0,0,0,0,0
1.3147599999999999,358.92301591825174,-0.00031024303340871219,-310.24304092971136,1,0,0,0,0,0,0,0
1.3147799999999998,358.78708597633789,-0.00031038416287270304,-310.38417002759201,1,0,0,0,0,0,0,0
1.3148,358.65120751328783,-0.00031051303890140759,-310.51304568990395,1,0,0,0,0,0,0,0
1.3148199999999999,358.51538050960619,-0.00031062965640701884,-310.62966282885452,1,0,0,0,0,0,0,0
1.31484,358.3796049458042,-0.00031073401078567916,-310.7340168406007,1,0,0,0,0,0,0,0
1.3148599999999999,358.24388080240067,-0.00031082609791765472,-310.82610360542304,1,0,0,0,0,0,0,0
1.31488,358.10820805992171,-0.0003109059141675053,-310.90591948789591,1,0,0,0,0,0,0,0
1.3149,357.9725866989013,-0.0003109734563842194,-310.97346133702223,1,0,0,0,0,0,0,0
1.3149199999999999,357.83701669988034,-0.00031102872190134695,-311.02872648636639,1,0,0,0,0,0,0,0
1.31494,357.70149804340679,-0.00031107170853710155,-311.07171275415675,1,0,0,0,0,0,0,0
1.3149599999999999,357.56603071003701,-0.00031110241459444249,-311.10241844336684,1,0,0,0,0,0,0,0
1.31498,357.43061468033386,-0.0003111208388611481,-311.12084234178968,1,0,0,0,0,0,0,0
1.3149999999999999,357.29524993486746,-0.00031112698060985948,-311.12698372208092,1,0,0,0,0,0,0,0
1.3150199999999999,357.15993645421628,-0.00031112083959811121,-311.12084234178963,1,0,0,0,0,0,0,0
1.31504,357.0246742189654,-0.00031110241606833978,-311.10241844336684,1,0,0,0,0,0,0,0
1.3150599999999999,356.88946320970672,-0.00031107171074787473,-311.07171275415669,1,0,0,0,0,0,0,0
1.31508,356.75430340704099,-0.00031102872484890917,-311.02872648636679,1,0,0,0,0,0,0,0
1.3150999999999999,356.61919479157478,-0.00031097346006845342,-310.97346133702212,1,0,0,0,0,0,0,0
1.3151199999999998,356.48413734392318,-0.00031090591858826621,-310.90591948789586,1,0,0,0,0,0,0,0
1.31514,356.34913104470752,-0.0003108261030747686,-310.82610360542367,1,0,0,0,0,0,0,0
1.3151599999999999,356.21417587455772,-0.00031073401667894187,-310.7340168406015,1,0,0,0,0,0,0,0
1.31518,356.07927181410992,-0.00031062966303619765,-310.62966282885537,1,0,0,0,0,0,0,0
1.3151999999999999,355.9444188440084,-0.00031051304626624089,-310.51304568990491,1,0,0,0,0,0,0,0
1.3152199999999998,355.80961694490378,-0.00031038417097290118,-310.38417002759428,1,0,0,0,0,0,0,0
1.31524,355.67486609745538,-0.0003102430422439531,-310.24304092971249,1,0,0,0,0,0,0,0
1.3152599999999999,355.54016628232915,-0.00031008966565091963,-310.08966396779732,1,0,0,0,0,0,0,0
1.31528,355.40551748019732,-0.0003099240472488434,-309.92404519690581,1,0,0,0,0,0,0,0
1.3152999999999999,355.27091967174124,-0.0003097461935760583,-309.74619115538638,1,0,0,0,0,0,0,0
1.31532,355.13637283764888,-0.00030955611165391951,-309.55610886460892,1,0,0,0,0,0,0,0
1.31534,355.0018769586153,-0.00030935380898653944,-309.35380582870022,1,0,0,0,0,0,0,0
1.3153599999999999,354.8674320153429,-0.00030913929356047914,-309.13929003423601,1,0,0,0,0,0,0,0
1.31538,354.73303798854101,-0.00030891257384443838,-308.91256994993051,1,0,0,0,0,0,0,0
1.3153999999999999,354.5986948589279,-0.00030867365878892741,-308.67365452630855,1,0,0,0,0,0,0,0
1.31542,354.46440260722676,-0.00030842255782589689,-308.4225531953353,1,0,0,0,0,0,0,0
1.3154399999999999,354.33016121416983,-0.00030815928086839426,-308.1592758700728,1,0,0,0,0,0,0,0
1.3154599999999999,354.19597066049653,-0.00030788383831013399,-307.88383294424995,1,0,0,0,0,0,0,0
1.31548,354.06183092695238,-0.00030759624102511365,-307.59623529187883,1,0,0,0,0,0,0,0
1.3154999999999999,353.92774199429186,-0.0003072965003671946,-307.29649426683545,1,0,0,0,0,0,0,0
1.31552,353.79370384327478,-0.00030698462816960867,-306.98462170236593,1,0,0,0,0,0,0,0
1.3155399999999999,353.65971645467027,-0.0003066606367445502,-306.66062991067918,1,0,0,0,0,0,0,0
1.3155599999999998,353.52577980925344,-0.00030632453888264024,-306.32453168241074,1,0,0,0,0,0,0,0
1.31558,353.39189388780676,-0.00030597634785244364,-305.97634028613993,1,0,0,0,0,0,0,0
1.3155999999999999,353.25805867112086,-0.00030561607739995242,-305.61606946787327,1,0,0,0,0,0,0,0
1.31562,353.12427413999291,-0.00030524374174802072,-305.24373345047917,1,0,0,0,0,0,0,0
1.3156399999999999,352.99054027522675,-0.00030485935559582925,-304.85934693315289,1,0,0,0,0,0,0,0
1.3156599999999998,352.85685705763495,-0.00030446293411828172,-304.46292509081258,1,0,0,0,0,0,0,0
1.31568,352.72322446803634,-0.00030405449296541561,-304.05448357351008,1,0,0,0,0,0,0,0
1.3156999999999999,352.58964248725698,-0.0003036340482617956,-303.63403850582449,1,0,0,0,0,0,0,0
1.31572,352.45611109613088,-0.00030320161660585124,-303.20160648619958,1,0,0,0,0,0,0,0
1.3157399999999999,352.32263027549902,-0.00030275721506925143,-302.75720458631884,1,0,0,0,0,0,0,0
1.31576,352.18920000620909,-0.0003023008611962001,-302.30085035040031,1,0,0,0,0,0,0,0
1.3157799999999999,352.05582026911651,-0.00030183257300277482,-301.8325617945361,1,0,0,0,0,0,0,0
1.3157999999999999,351.92249104508477,-0.00030135236897618756,-301.35235740595243,1,0,0,0,0,0,0,0
1.31582,351.78921231498288,-0.00030086026807406676,-300.86025614229186,1,0,0,0,0,0,0,0
1.3158399999999999,351.65598405968819,-0.00030035628972372211,-300.35627743087861,1,0,0,0,0,0,0,0
1.31586,351.52280626008474,-0.00029984045382134693,-299.84044116792006,1,0,0,0,0,0,0,0
1.3158799999999999,351.38967889706424,-0.00029931278073126868,-299.31276771775794,1,0,0,0,0,0,0,0
1.3158999999999998,351.25660195152659,-0.00029877329128511268,-298.77327791203197,1,0,0,0,0,0,0,0
1.31592,351.12357540437722,-0.00029822200678099379,-298.2219930488709,1,0,0,0,0,0,0,0
1.3159399999999999,350.99059923652896,-0.00029765894898268997,-297.65893489206712,1,0,0,0,0,0,0,0
1.31596,350.85767342890284,-0.00029708414011874899,-297.0841256701824,1,0,0,0,0,0,0,0
1.3159799999999999,350.72479796242595,-0.00029649760288165086,-296.49758807571095,1,0,0,0,0,0,0,0
1.3159999999999998,350.59197281803409,-0.0002958993604268763,-295.8993452641476,1,0,0,0,0,0,0,0
1.31602,350.45919797666966,-0.00029528943637200739,-295.28942085308847,1,0,0,0,0,0,0,0
1.3160399999999999,350.32647341928151,-0.00029466785479581267,-294.66783892131622,1,0,0,0,0,0,0,0
1.31606,350.19379912682643,-0.00029403464023725127,-294.03462400780393,1,0,0,0,0,0,0,0
1.3160799999999999,350.06117508026853,-0.00029338981769457277,-293.38980111081526,1,0,0,0,0,0,0,0
1.3161,349.92860126057855,-0.00029273341262424954,-292.73339568683662,1,0,0,0,0,0,0,0
1.31612,349.79607764873481,-0.00029206545094004175,-292.06543364964205,1,0,0,0,0,0,0,0
1.3161399999999999,349.66360422572211,-0.00029138595901192712,-291.38594136922325,1,0,0,0,0,0,0,0
1.31616,349.53118097253429,-0.00029069496366507718,-290.69494567076561,1,0,0,0,0,0,0,0
1.3161799999999999,349.39880787017023,-0.00028999249217881754,-289.99247383360864,1,0,0,0,0,0,0,0
1.3162,349.26648489963839,-0.00028927857228550698,-289.278553590125,1,0,0,0,0,0,0,0
1.3162199999999999,349.13421204195095,-0.00028855323216949325,-288.55321312467629,1,0,0,0,0,0,0,0
1.3162399999999999,349.00198927813187,-0.00028781650046595588,-287.81648107245582,1,0,0,0,0,0,0,0
1.31626,348.86981658920837,-0.00028706840625979422,-287.0683865183766,1,0,0,0,0,0,0,0
1.3162799999999999,348.73769395621656,-0.00028630897908449998,-286.30895899594424,1,0,0,0,0,0,0,0
1.3163,348.60562136019945,-0.00028553824892094414,-285.53822848604324,1,0,0,0,0,0,0,0
1.3163199999999999,348.47359878220698,-0.00028475624619624768,-284.75622541580839,1,0,0,0,0,0,0,0
1.3163399999999998,348.34162620329676,-0.00028396300178253222,-283.962980657375,1,0,0,0,0,0,0,0
1.31636,348.20970360453322,-0.00028315854699572171,-283.15852552668048,1,0,0,0,0,0,0,0
1.3163799999999999,348.07783096698785,-0.00028234291359432811,-282.34289178225055,1,0,0,0,0,0,0,0
1.3164,347.9460082717398,-0.00028151613377814708,-281.51611162389406,1,0,0,0,0,0,0,0
1.3164199999999999,347.81423549987517,-0.00028067824018704476,-280.678217691491,1,0,0,0,0,0,0,0
1.3164399999999998,347.68251263248663,-0.00027982926589961796,-279.82924306365163,1,0,0,0,0,0,0,0
1.31646,347.55083965067564,-0.00027896924443191032,-278.96922125643283,1,0,0,0,0,0,0,0
1.3164799999999999,347.4192165355484,-0.00027809820973611206,-278.09818622203841,1,0,0,0,0,0,0,0
1.3165,347.28764326822028,-0.00027721619619916596,-277.21617234742439,1,0,0,0,0,0,0,0
1.3165199999999999,347.15611982981335,-0.00027632323864147201,-276.3232144530042,1,0,0,0,0,0,0,0
1.31654,347.02464620145651,-0.00027541937231544963,-275.41934779121044,1,0,0,0,0,0,0,0
1.31656,346.89322236428575,-0.0002745046329042099,-274.50460804516752,1,0,0,0,0,0,0,0
1.3165799999999999,346.7618482994443,-0.00027357905652009029,-273.57903132722623,1,0,0,0,0,0,0,0
1.3166,346.63052398808247,-0.00027264267970325345,-272.64265417756212,1,0,0,0,0,0,0,0
1.3166199999999999,346.49924941135833,-0.00027169553942026932,-271.69551356275849,1,0,0,0,0,0,0,0
1.31664,346.36802455043647,-0.00027073767306258891,-270.73764687427933,1,0,0,0,0,0,0,0
1.3166599999999999,346.23684938648819,-0.00026976911844517045,-269.76909192709604,1,0,0,0,0,0,0,0
1.3166799999999999,346.10572390069257,-0.00026878991380488329,-268.78988695809107,1,0,0,0,0,0,0,0
1.3167,345.97464807423574,-0.00026780009779901471,-267.80007062456434,1,0,0,0,0,0,0,0
1.3167199999999999,345.84362188831108,-0.00026679970950385,-266.79968200281434,1,0,0,0,0,0,0,0
1.31674,345.71264532411863,-0.00026578878841297925,-265.78876058644403,1,0,0,0,0,0,0,0
1.3167599999999999,345.58171836286613,-0.00026476737443585445,-264.76734628491818,1,0,0,0,0,0,0,0
1.3167799999999998,345.45084098576746,-0.00026373550789614129,-263.73547942191544,1,0,0,0,0,0,0,0
1.3168,345.32001317404536,-0.00026269322953015464,-262.69320073376315,1,0,0,0,0,0,0,0
1.3168199999999999,345.18923490892865,-0.00026164058048527838,-261.64055136785822,1,0,0,0,0,0,0,0
1.31684,345.0585061716522,-0.00026057760231827551,-260.57757288097605,1,0,0,0,0,0,0,0
1.3168599999999999,344.92782694345931,-0.00025950433699372305,-259.50430723770648,1,0,0,0,0,0,0,0
1.3168800000000001,344.79719720560053,-0.00025842082688227878,-258.4207968087199,1,0,0,0,0,0,0,0
1.3169,344.6666169393327,-0.00025732711475908652,-257.3270843691725,1,0,0,0,0,0,0,0
1.3169199999999999,344.53608612592006,-0.0002562232438020181,-256.22321309694877,1,0,0,0,0,0,0,0
1.31694,344.40560474663454,-0.00025510925758999897,-255.10922657098638,1,0,0,0,0,0,0,0
1.3169599999999999,344.27517278275434,-0.00025398520010131727,-253.98516876958604,1,0,0,0,0,0,0,0
1.31698,344.14479021556519,-0.00025285111571181763,-252.85108406860468,1,0,0,0,0,0,0,0
1.3169999999999999,344.01445702635908,-0.00025170704919323043,-251.70701723978502,1,0,0,0,0,0,0,0
1.3170199999999999,343.8841731964369,-0.00025055304571133254,-250.55301344891626,1,0,0,0,0,0,0,0
1.31704,343.75393870710485,-0.00024938915082419524,-249.38911825408152,1,0,0,0,0,0,0,0
1.3170599999999999,343.62375353967673,-0.00024821541048041657,-248.21537760389126,1,0,0,0,0,0,0,0
1.31708,343.49361767547367,-0.00024703187101723413,-247.03183783559527,1,0,0,0,0,0,0,0
1.3170999999999999,343.36353109582393,-0.00024583857915878111,-245.83854567333859,1,0,0,0,0,0,0,0
1.3171199999999998,343.23349378206268,-0.00024463558201416591,-244.63554822624175,1,0,0,0,0,0,0,0
1.31714,343.10350571553181,-0.00024342292707564528,-243.4228929865732,1,0,0,0,0,0,0,0
1.3171599999999999,342.97356687758088,-0.00024220066221678139,-242.20062782790731,1,0,0,0,0,0,0,0
1.31718,342.84367724956604,-0.00024096883569046498,-240.96880100314635,1,0,0,0,0,0,0,0
1.3171999999999999,342.71383681285005,-0.00023972749612715365,-239.72746114276003,1,0,0,0,0,0,0,0
1.3172199999999998,342.58404554880428,-0.00023847669253276328,-238.47665725267581,1,0,0,0,0,0,0,0
1.31724,342.45430343880662,-0.00023721647428686664,-237.21643871247792,1,0,0,0,0,0,0,0
1.3172599999999999,342.32461046424066,-0.00023594689114076739,-235.94685527348204,1,0,0,0,0,0,0,0
1.31728,342.19496660649816,-0.00023466799321540031,-234.66795705663418,1,0,0,0,0,0,0,0
1.3172999999999999,342.06537184697828,-0.0002333798309994886,-233.3797945506692,1,0,0,0,0,0,0,0
1.31732,341.93582616708682,-0.00023208245534744756,-232.08241861001386,1,0,0,0,0,0,0,0
1.31734,341.80632954823568,-0.00023077591747747004,-230.77588045287237,1,0,0,0,0,0,0,0
1.3173599999999999,341.67688197184486,-0.00022946026896942211,-229.46023165912223,1,0,0,0,0,0,0,0
1.31738,341.54748341934231,-0.0002281355617628424,-228.13552416831308,1,0,0,0,0,0,0,0
1.3173999999999999,341.41813387216069,-0.00022680184815492691,-226.80181027765241,1,0,0,0,0,0,0,0
1.31742,341.28883331174148,-0.00022545918079838108,-225.45914263985671,1,0,0,0,0,0,0,0
1.3174399999999999,341.15958171953235,-0.00022410761269943749,-224.10757426116967,1,0,0,0,0,0,0,0
1.3174599999999999,341.03037907698837,-0.00022274719721567822,-222.74715849918454,1,0,0,0,0,0,0,0
1.31748,340.90122536557095,-0.0002213779880539649,-221.37794906077366,1,0,0,0,0,0,0,0
1.3174999999999999,340.77212056674989,-0.00022000003926835545,-220.00000000000611,1,0,0,0,0,0,0,0
1.31752,340.64306466200122,-0.00021861340525788356,-218.61336571592634,1,0,0,0,0,0,0,0
1.3175399999999999,340.51405763280724,-0.00021721814076451076,-217.21810095050674,1,0,0,0,0,0,0,0
1.3175599999999998,340.38509946065852,-0.00021581430087087752,-215.81426078639865,1,0,0,0,0,0,0,0
1.31758,340.25619012705181,-0.00021440194099816675,-214.40190064479515,1,0,0,0,0,0,0,0
1.3175999999999999,340.1273296134915,-0.00021298111690395277,-212.98107628328185,1,0,0,0,0,0,0,0
1.31762,339.99851790148864,-0.00021155188467991286,-211.55184379354603,1,0,0,0,0,0,0,0
1.3176399999999999,339.869754972561,-0.00021011430074971348,-210.11425959926495,1,0,0,0,0,0,0,0
1.3176599999999998,339.74104080823366,-0.00020866842186669386,-208.66838045378822,1,0,0,0,0,0,0,0
1.31768,339.61237539003889,-0.0002072143051116635,-207.21426343793553,1,0,0,0,0,0,0,0
1.3176999999999999,339.48375869951565,-0.00020575200789068809,-205.75196595778317,1,0,0,0,0,0,0,0
1.31772,339.35519071821028,-0.00020428158793273186,-204.28154574230527,1,0,0,0,0,0,0,0
1.3177399999999999,339.22667142767523,-0.00020280310328748348,-202.80306084120087,1,0,0,0,0,0,0,0
1.31776,339.09820080947071,-0.00020131661232294495,-201.31656962248198,1,0,0,0,0,0,0,0
1.31778,338.96977884516366,-0.00019982217372330153,-199.82213077034407,1,0,0,0,0,0,0,0
1.3177999999999999,338.84140551632851,-0.00019831984648637635,-198.31980328262014,1,0,0,0,0,0,0,0
1.31782,338.71308080454565,-0.00019680968992146289,-196.80964646861327,1,0,0,0,0,0,0,0
1.3178399999999999,338.58480469140346,-0.00019529176364701059,-195.29171994678316,1,0,0,0,0,0,0,0
1.31786,338.45657715849649,-0.00019376612758810878,-193.76608364222878,1,0,0,0,0,0,0,0
1.3178799999999999,338.32839818742667,-0.00019223284197428437,-192.23279778448671,1,0,0,0,0,0,0,0
1.3178999999999998,338.20026775980352,-0.00019069196733701417,-190.69192290504344,1,0,0,0,0,0,0,0
1.31792,338.07218585724189,-0.00018914356450737657,-189.14351983498673,1,0,0,0,0,0,0,0
1.3179399999999999,337.9441524613656,-0.00018758769461369189,-187.58764970264662,1,0,0,0,0,0,0,0
1.31796,337.81616755380321,-0.00018602441907901131,-186.02437393108363,1,0,0,0,0,0,0,0
1.3179799999999999,337.68823111619218,-0.00018445379961880447,-184.4537542357767,1,0,0,0,0,0,0,0
1.3179999999999998,337.56034313017631,-0.00018287589823842417,-182.87585262208805,1,0,0,0,0,0,0,0
1.31802,337.43250357740556,-0.00018129077723070094,-181.29073138285716,1,0,0,0,0,0,0,0
1.3180399999999999,337.30471243953809,-0.00017969849917352638,-179.69845309598512,1,0,0,0,0,0,0,0
1.31806,337.17696969823839,-0.0001780991269272833,-178.09908062186344,1,0,0,0,0,0,0,0
1.3180799999999999,337.04927533517741,-0.00017649272363247807,-176.49267710100776,1,0,0,0,0,0,0,0
1.3181,336.92162933203343,-0.00017487935270713321,-174.87930595144942,1,0,0,0,0,0,0,0
1.31812,336.79403167049162,-0.00017325907784439956,-173.2590308663481,1,0,0,0,0,0,0,0
1.3181399999999999,336.66648233224487,-0.0001716319630099395,-171.63191581137519,1,0,0,0,0,0,0,0
1.31816,336.53898129899244,-0.0001699980724394464,-169.99802502223224,1,0,0,0,0,0,0,0
1.3181799999999999,336.41152855244002,-0.00016835747063615136,-168.35742300215941,1,0,0,0,0,0,0,0
1.3182,336.28412407430056,-0.00016671022236817474,-166.71017451928566,1,0,0,0,0,0,0,0
1.3182199999999999,336.1567678462946,-0.00016505639266608776,-165.05634460419037,1,0,0,0,0,0,0,0
1.3182399999999999,336.02945985014833,-0.00016339604682024007,-163.39599854723193,1,0,0,0,0,0,0,0
1.31826,335.90220006759608,-0.00016172925037822783,-161.7292018960145,1,0,0,0,0,0,0,0
1.3182799999999999,335.77498848037806,-0.00016005606914235048,-160.05602045284604,1,0,0,0,0,0,0,0
1.3183,335.64782507024211,-0.00015837656916690819,-158.37652027203478,1,0,0,0,0,0,0,0
1.3183199999999999,335.5207098189432,-0.00015669081675571449,-156.69076765740243,1,0,0,0,0,0,0,0
1.3183399999999998,335.39364270824296,-0.00015499887845937289,-154.99882915956059,1,0,0,0,0,0,0,0
1.31836,335.26662371990949,-0.00015330082107267988,-153.30077157331328,1,0,0,0,0,0,0,0
1.3183799999999999,335.13965283571747,-0.00015159671163210973,-151.5966619351434,1,0,0,0,0,0,0,0
1.3184,335.0127300374499,-0.00014988661741289352,-149.88656752028905,1,0,0,0,0,0,0,0
1.3184199999999999,334.88585530689471,-0.00014817060592669959,-148.17055584042683,1,0,0,0,0,0,0,0
1.3184399999999998,334.75902862584957,-0.00014644874491869238,-146.44869464072872,1,0,0,0,0,0,0,0
1.31846,334.6322499761165,-0.00014472110236498078,-144.72105189731093,1,0,0,0,0,0,0,0
1.3184799999999999,334.50551933950504,-0.00014298774646996545,-142.987695814582,1,0,0,0,0,0,0,0
1.3185,334.37883669783207,-0.00014124874566353817,-141.24869482244071,1,0,0,0,0,0,0,0
1.3185199999999999,334.2522020329211,-0.00013950416859850439,-139.50411757370014,1,0,0,0,0,0,0,0
1.31854,334.12561532660294,-0.00013775408414774793,-137.75403294125121,1,0,0,0,0,0,0,0
1.31856,333.99907656071457,-0.00013599856140163793,-135.99851001547034,1,0,0,0,0,0,0,0
1.3185799999999999,333.87258571710043,-0.00013423766966519059,-134.23761810138083,1,0,0,0,0,0,0,0
1.3186,333.74614277761054,-0.00013247147845538078,-132.47142671596436,1,0,0,0,0,0,0,0
1.3186199999999999,333.61974772410395,-0.000130700057498445,-130.70000558546454,1,0,0,0,0,0,0,0
1.31864,333.49340053844497,-0.0001289234767270174,-128.92342464252238,1,0,0,0,0,0,0,0
1.3186599999999999,333.36710120250552,-0.00012714180627749713,-127.14175402354371,1,0,0,0,0,0,0,0
1.3186799999999999,333.24084969816414,-0.00012535511648716655,-125.35506406581777,1,0,0,0,0,0,0,0
1.3187,333.11464600730574,-0.00012356347789146344,-123.56342530478859,1,0,0,0,0,0,0,0
1.3187199999999999,332.98849011182347,-0.00012176696122124385,-121.76690847131907,1,0,0,0,0,0,0,0
1.31874,332.862381993616,-0.00011996563739987733,-119.96558448878517,1,0,0,0,0,0,0,0
1.3187599999999999,332.73632163458882,-0.0001181595775405768,-118.15952447040593,1,0,0,0,0,0,0,0
1.3187799999999998,332.61030901665555,-0.00011634885294347634,-116.34879971632215,1,0,0,0,0,0,0,0
1.3188,332.48434412173532,-0.00011453353509286671,-114.53348171083024,1,0,0,0,0,0,0,0
1.3188199999999999,332.35842693175505,-0.00011271369565442067,-112.71364211960953,1,0,0,0,0,0,0,0
1.31884,332.23255742864745,-0.00011088940647225065,-110.88935278677813,1,0,0,0,0,0,0,0
1.3188599999999999,332.10673559435355,-0.00010906073956620262,-109.06068573218822,1,0,0,0,0,0,0,0
1.3188799999999998,331.98096141082021,-0.00010722776712889835,-107.22771314846744,1,0,0,0,0,0,0,0
1.3189,331.85523486000056,-0.00010539056152293474,-105.39050739821819,1,0,0,0,0,0,0,0
1.3189199999999999,331.7295559238558,-0.00010354919527807621,-103.54914101121096,1,0,0,0,0,0,0,0
1.31894,331.60392458435348,-0.00010170374108825962,-101.70368668138774,1,0,0,0,0,0,0,0
1.3189599999999999,331.47834082346833,-9.985427180893942e-05,-99.854217264209083,1,0,0,0,0,0,0,0
1.31898,331.35280462318156,-9.8000860453896038e-05,-98.000805773460385,1,0,0,0,0,0,0,0
1.319,331.22731596548084,-9.6143580192719719e-05,-96.143525378737536,1,0,0,0,0,0,0,0
1.3190199999999999,331.10187483236137,-9.428250434762149e-05,-94.282449402256844,1,0,0,0,0,0,0,0
1.31904,330.97648120582448,-9.241770639067247e-05,-92.417651316094322,1,0,0,0,0,0,0,0
1.3190599999999999,330.85113506787866,-9.0549259940936401e-05,-90.54920473931908,1,0,0,0,0,0,0,0
1.31908,330.72583640053944,-8.8677238761446098e-05,-88.677183434968882,1,0,0,0,0,0,0,0
1.3190999999999999,330.60058518582895,-8.6801716756426195e-05,-86.801661307273264,1,0,0,0,0,0,0,0
1.3191199999999998,330.47538140577581,-8.4922767968257032e-05,-84.922712398617534,1,0,0,0,0,0,0,0
1.31914,330.35022504241584,-8.3040466574602702e-05,-83.040410886670244,1,0,0,0,0,0,0,0
1.3191599999999999,330.2251160777916,-8.1154886885533034e-05,-81.15483108150616,1,0,0,0,0,0,0,0
1.31918,330.10005449395271,-7.9266103340471471e-05,-79.266047422553228,1,0,0,0,0,0,0,0
1.3191999999999999,329.9750402729548,-7.7374190505392408e-05,-77.374134475790356,1,0,0,0,0,0,0,0
1.3192199999999998,329.85007339686115,-7.5479223069757978e-05,-75.479166930684158,1,0,0,0,0,0,0,0
1.31924,329.72515384774164,-7.3581275843620893e-05,-73.581219597291394,1,0,0,0,0,0,0,0
1.3192599999999999,329.60028160767263,-7.1680423754721828e-05,-71.680367403357351,1,0,0,0,0,0,0,0
1.31928,329.47545665873776,-6.9776741845412456e-05,-69.77668539123745,1,0,0,0,0,0,0,0
1.3192999999999999,329.35067898302651,-6.7870305269829081e-05,-67.870248715072364,1,0,0,0,0,0,0,0
1.31932,329.22594856263561,-6.5961189290788868e-05,-65.961132637683221,1,0,0,0,0,0,0,0
1.31934,329.10126537966892,-6.4049469276956591e-05,-64.049412527738383,1,0,0,0,0,0,0,0
1.3193599999999999,328.97662941623696,-6.2135220699747229e-05,-62.135163856657122,1,0,0,0,0,0,0,0
1.31938,328.85204065445731,-6.0218519130400144e-05,-60.218462195681916,1,0,0,0,0,0,0,0
1.3193999999999999,328.72749907645294,-5.8299440237045656e-05,-58.299383212947085,1,0,0,0,0,0,0,0
1.31942,328.60300466435552,-5.6378059781597879e-05,-56.378002670370172,1,0,0,0,0,0,0,0
1.3194399999999999,328.47855740030275,-5.4454453616902007e-05,-54.454396420799824,1,0,0,0,0,0,0,0
1.3194599999999999,328.35415726643811,-5.2528697683618217e-05,-52.528640404899669,1,0,0,0,0,0,0,0
1.31948,328.22980424491277,-5.0600868007276187e-05,-50.600810648202327,1,0,0,0,0,0,0,0
1.3194999999999999,328.10549831788484,-4.867104069532513e-05,-48.670983258160504,1,0,0,0,0,0,0,0
1.31952,327.98123946751872,-4.6739291933990756e-05,-46.73923442100277,1,0,0,0,0,0,0,0
1.3195399999999999,327.85702767598576,-4.4805697985476141e-05,-44.805640398935431,1,0,0,0,0,0,0,0
1.3195599999999998,327.73286292546391,-4.2870335184742037e-05,-42.870277526922216,1,0,0,0,0,0,0,0
1.31958,327.60874519813831,-4.0933279936528482e-05,-40.93322220970537,1,0,0,0,0,0,0,0
1.3195999999999999,327.48467447620044,-3.8994608712546764e-05,-38.994550918999629,1,0,0,0,0,0,0,0
1.31962,327.36065074184802,-3.7054398048165197e-05,-37.054340190175424,1,0,0,0,0,0,0,0
1.3196399999999999,327.23667397728678,-3.5112724539613438e-05,-35.112666619465259,1,0,0,0,0,0,0,0
1.3196599999999998,327.11274416472821,-3.3169664840819381e-05,-33.16960686079949,1,0,0,0,0,0,0,0
1.31968,326.98886128639077,-3.1225295660435581e-05,-31.225237622832729,1,0,0,0,0,0,0,0
1.3196999999999999,326.86502532449964,-2.9279693758862778e-05,-29.279635665968389,1,0,0,0,0,0,0,0
1.31972,326.74123626128664,-2.7332935945097834e-05,-27.332877799205111,1,0,0,0,0,0,0,0
1.3197399999999999,326.61749407899111,-2.5385099073840771e-05,-25.38504087724532,1,0,0,0,0,0,0,0
1.31976,326.49379875985824,-2.3436260042320899e-05,-23.436201797320219,1,0,0,0,0,0,0,0
1.31978,326.37015028614013,-2.1486495787401497e-05,-21.486437496295004,1,0,0,0,0,0,0,0
1.3197999999999999,326.24654864009523,-1.9535883282419078e-05,-19.535824947508111,1,0,0,0,0,0,0,0
1.31982,326.12299380398986,-1.7584499534198023e-05,-17.584441157785331,1,0,0,0,0,0,0,0
1.3198399999999999,325.99948576009575,-1.5632421580062393e-05,-15.632363164452684,1,0,0,0,0,0,0,0
1.31986,325.87602449069254,-1.3679726484672115e-05,-13.679668032171534,1,0,0,0,0,0,0,0
1.3198799999999999,325.75260997806561,-1.1726491337121328e-05,-11.726432850037485,1,0,0,0,0,0,0,0
1.3198999999999999,325.62924220450753,-9.7727932477713213e-06,-9.7727347284133899,1,0,0,0,0,0,0,0
1.31992,325.50592115231734,-7.8187093452602277e-06,-7.8186507959381411,1,0,0,0,0,0,0,0
1.3199399999999999,325.38264680380075,-5.8643167735096365e-06,-5.8642581965348235,1,0,0,0,0,0,0,0
1.31996,325.25941914127066,-3.909692688556259e-06,-3.909634086241442,1,0,0,0,0,0,0,0
1.3199799999999999,325.1362381470463,-1.9549142556477869e-06,-1.9548556303063851,1,0,0,0,0,0,0,0
1.3199999999999998,325.01310380345342,-5.864607175107078e-11,-1.8293613865576279e-11,1,0,0,0,0,0,0,0
1.32002,324.89000632681598,-0.00032293520657495164,1.954855630287484,1,0,0,0,0,0,0,0
1.3200399999999999,324.76695548260795,-0.00032085737731149798,3.9096340862225416,1,0,0,0,0,0,0,0
1.32006,324.64395130269116,-0.00031877974905565896,5.8642581965159248,1,0,0,0,0,0,0,0
1.3200799999999999,324.52099376938679,-0.00031670239895500237,7.8186507959192459,1,0,0,0,0,0,0,0
1.3201000000000001,324.39808286501858,-0.00031462540414787133,9.7727347284121748,1,0,0,0,0,0,0,0
1.32012,324.27521857191499,-0.00031254884176055146,11.72643285003627,1,0,0,0,0,0,0,0
1.3201399999999999,324.15240087240966,-0.00031047278890401406,13.67966803215265,1,0,0,0,0,0,0,0
1.32016,324.02962974884105,-0.00030839732267090727,15.632363164451469,1,0,0,0,0,0,0,0
1.3201799999999999,323.90690518355001,-0.00030632252013271889,17.584441157784116,1,0,0,0,0,0,0,0
1.3202,323.78422715888371,-0.00030424845833643913,19.535824947506896,1,0,0,0,0,0,0,0
1.3202199999999999,323.66159565719249,-0.00030217521430174406,21.486437496293792,1,0,0,0,0,0,0,0
1.3202399999999999,323.53901066083063,-0.0003001028650178127,23.436201797319008,1,0,0,0,0,0,0,0
1.32026,323.4164721521592,-0.00029803148744034447,25.385040877244109,1,0,0,0,0,0,0,0
1.3202799999999999,323.29398011354158,-0.00029596115848856745,27.332877799203896,1,0,0,0,0,0,0,0
1.3203,323.17153452734499,-0.0002938919550420795,29.279635665967177,1,0,0,0,0,0,0,0
1.3203199999999999,323.04913542499764,-0.00029182395398701132,31.225237622831521,1,0,0,0,0,0,0,0
1.3203399999999998,322.92678273977828,-0.00028975723206565768,33.169606860780696,1,0,0,0,0,0,0,0
1.32036,322.80447650306979,-0.00028769186606975212,35.112666619464051,1,0,0,0,0,0,0,0
1.3203799999999999,322.68221659923222,-0.000285627932592362,37.054340190174216,1,0,0,0,0,0,0,0
1.3204,322.56000310852755,-0.00028356550836766242,38.994550918998421,1,0,0,0,0,0,0,0
1.3204199999999999,322.43783616018129,-0.00028150467012111156,40.933222209704162,1,0,0,0,0,0,0,0
1.3204399999999998,322.31571539408799,-0.0002794454940280096,42.870277526885985,1,0,0,0,0,0,0,0
1.32046,322.19364123274687,-0.00027738805698246616,44.80564039893423,1,0,0,0,0,0,0,0
1.3204799999999999,322.07161316948117,-0.00027533243488265179,46.739234421001562,1,0,0,0,0,0,0,0
1.3205,321.94963138236875,-0.00027327870424159192,48.670983258141831,1,0,0,0,0,0,0,0
1.3205199999999999,321.82769629290385,-0.00027122694174295235,50.600810648183668,1,0,0,0,0,0,0,0
1.32054,321.70580710261783,-0.00026917722277451119,52.528640404881031,1,0,0,0,0,0,0,0
1.32056,321.58396467181529,-0.00026712962430402683,54.454396420781215,1,0,0,0,0,0,0,0
1.3205799999999999,321.46216805649323,-0.00026508422141302974,56.378002670351584,1,0,0,0,0,0,0,0
1.3206,321.34041787725943,0.04829956611024238,58.299383212928518,1,0,0,0,0,0,0,0
1.3206199999999999,321.21871410271984,-0.00026100030787477141,60.218462195663363,1,0,0,0,0,0,0,0
1.32064,321.09705614462956,-0.00025896194822263945,62.135163856638599,1,0,0,0,0,0,0,0
1.3206599999999999,320.97544510007975,-0.00025692608847162378,64.04941252771988,1,0,0,0,0,0,0,0
1.3206799999999999,320.85387954058388,-0.00025489280276448195,65.961132637664747,1,0,0,0,0,0,0,0
1.3207,320.73236070466072,0.16924166871717147,67.870248715071185,1,0,0,0,0,0,0,0
1.3207199999999999,320.61088777314222,-0.00025083425816114016,69.776685391219033,1,0,0,0,0,0,0,0
1.32074,320.48946065515923,-0.00024880914898637858,71.680367403356172,1,0,0,0,0,0,0,0
1.3207599999999999,320.36808070102796,-0.00024678691679136183,73.581219597290215,1,0,0,0,0,0,0,0
1.3207799999999998,320.246745805356,-0.00024476763451305468,75.479166930665812,1,0,0,0,0,0,0,0
1.3208,320.12545789036767,0.32164944022997405,77.374134475789177,1,0,0,0,0,0,0,0
1.3208199999999999,320.00421548768139,-0.00024073822359805863,79.266047422552049,1,0,0,0,0,0,0,0
1.32084,319.8830188178116,-0.00023872824321306461,81.15483108150498,1,0,0,0,0,0,0,0
1.3208599999999999,319.76186960936337,-0.00023672151414098127,83.040410886669065,1,0,0,0,0,0,0,0
1.3208799999999998,319.64076503407227,-0.00023471810799299158,84.922712398599344,1,0,0,0,0,0,0,0
1.3209,319.51970807052766,0.0077445661687715927,86.801661307272099,1,0,0,0,0,0,0,0
1.3209199999999999,319.3986955265691,-0.00023072156732070173,88.677183434967702,1,0,0,0,0,0,0,0
1.32094,319.27772934286253,0.16568224890951458,90.549204739317901,1,0,0,0,0,0,0,0
1.3209599999999999,319.15681020218216,-0.00022673921397761259,92.417651316093156,1,0,0,0,0,0,0,0
1.32098,319.03593555554886,-0.00022475354117260093,94.282449402255693,1,0,0,0,0,0,0,0
1.321,318.91510896799343,-7.2165641801558752e-07,96.143525378736385,1,0,0,0,0,0,0,0
1.3210199999999999,318.79432616948475,-0.00022079357526406045,98.00080577345922,1,0,0,0,0,0,0,0
1.32104,318.67359003171208,0.38214003105411182,99.854217264191178,1,0,0,0,0,0,0,0
1.3210599999999999,318.55290071030799,-0.0002168492687365833,101.7036866813866,1,0,0,0,0,0,0,0
1.32108,318.43225555191714,-0.00021488316916479445,103.54914101119314,1,0,0,0,0,0,0,0
1.3210999999999999,318.31165893915966,0.00032689653091053648,105.3905073982004,1,0,0,0,0,0,0,0
1.3211199999999999,318.19110554986366,-0.00021096344685152526,107.22771314843308,1,0,0,0,0,0,0,0
1.32114,318.07059907916107,0.63502487720847978,109.06068573217051,1,0,0,0,0,0,0,0
1.3211599999999999,317.95013921765116,-0.00020706084069797609,110.88935278676048,1,0,0,0,0,0,0,0
1.32118,317.82972359416374,0.20634271385628772,112.71364211959192,1,0,0,0,0,0,0,0
1.3211999999999999,317.70935626855453,0.00074881562881491627,114.53348171081265,1,0,0,0,0,0,0,0
1.3212199999999998,317.58903184832837,-0.00020124028610773743,116.34879971628823,1,0,0,0,0,0,0,0
1.32124,317.46875457023901,0.92368222389265719,118.15952447038845,1,0,0,0,0,0,0,0
1.3212599999999999,317.34852380961638,-0.0001973829930910831,119.96558448876772,1,0,0,0,0,0,0,0
1.32128,317.22833730854489,0.48643044431008114,121.76690847131795,1,0,0,0,0,0,0,0
1.3212999999999999,317.10819891449819,0.087933575588277385,123.56342530478747,1,0,0,0,0,0,0,0
1.3213200000000001,316.98810322787853,0.020700118688432592,125.35506406581666,1,0,0,0,0,0,0,0
1.32134,316.86805476475325,1.2684868438540842,127.1417540235426,1,0,0,0,0,0,0,0
1.3213599999999999,316.74805281253867,-0.0001878246813876219,128.92342464252127,1,0,0,0,0,0,0,0
1.32138,316.62809492915045,0.7830321666035378,130.70000558546343,1,0,0,0,0,0,0,0
1.3213999999999999,316.50818501573826,0.098583310106020214,132.47142671596325,1,0,0,0,0,0,0,0
1.32142,316.38831788231852,0.31289115652539656,134.23761810137975,1,0,0,0,0,0,0,0
1.3214399999999999,316.26849743044301,1.6504618514890879,135.99851001546926,1,0,0,0,0,0,0,0
1.3214599999999999,316.14872388124121,-0.00017839474354973707,137.75403294125013,1,0,0,0,0,0,0,0
1.32148,316.02899429262567,1.160488384141743,139.50411757369903,1,0,0,0,0,0,0,0
1.3214999999999999,315.909312589249,0.11046726662794248,141.24869482243963,1,0,0,0,0,0,0,0
1.32152,315.78967363044814,0.64272969015655135,142.98769581458089,1,0,0,0,0,0,0,0
1.3215399999999999,315.67008075235913,2.0686798448933152,144.72105189730985,1,0,0,0,0,0,0,0
1.3215599999999998,315.55053530281873,0.097451510978546443,146.44869464071203,1,0,0,0,0,0,0,0
1.32158,315.43103335624255,1.5526978215805582,148.17055584042578,1,0,0,0,0,0,0,0
1.3215999999999999,315.31157938986718,0.12249548022181203,149.88656752028797,1,0,0,0,0,0,0,0
1.32162,315.19216808372107,1.0093084935431429,151.59666193512692,1,0,0,0,0,0,0,0
1.3216399999999999,315.07280234269246,2.5221412695112426,153.30077157331223,1,0,0,0,0,0,0,0
1.3216599999999998,314.95348479388929,0.43879290748951705,154.99882915952887,1,0,0,0,0,0,0,0
1.32168,314.83420980967895,1.9803991699141585,156.69076765738609,1,0,0,0,0,0,0,0
1.3216999999999999,314.71498317438898,0.13500264774820994,158.3765202720185,1,0,0,0,0,0,0,0
1.32172,314.59579902154508,1.3890035155059235,160.05602045282984,1,0,0,0,0,0,0,0
1.3217399999999999,314.47665986343804,2.9597430199008103,161.72920189599833,1,0,0,0,0,0,0,0
1.32176,314.35756925270948,0.71058993223093014,163.39599854721581,1,0,0,0,0,0,0,0
1.32178,314.23852039278449,2.3083638199782746,165.05634460417434,1,0,0,0,0,0,0,0
1.3217999999999999,314.11952012253579,0.0017648847312114364,166.71017451926971,1,0,0,0,0,0,0,0
1.32182,314.00056149176163,1.6264035463827109,168.35742300214352,1,0,0,0,0,0,0,0
1.3218399999999999,313.88164793732204,3.2780183108591618,169.99802502221638,1,0,0,0,0,0,0,0
1.32186,313.76278305631018,0.98076894846704243,171.63191581137417,1,0,0,0,0,0,0,0
1.3218799999999999,313.64395967430733,2.6597877406291102,173.2590308663471,1,0,0,0,0,0,0,0
1.3218999999999999,313.5251850178422,0.24234166882167121,174.87930595143382,1,0,0,0,0,0,0,0
1.32192,313.40645169260034,1.9476673232041755,176.49267710100673,1,0,0,0,0,0,0,0
1.3219399999999999,313.28776335780776,3.6793983445595337,178.09908062186241,1,0,0,0,0,0,0,0
1.32196,313.16912379524763,1.2063568884288536,179.69845309598415,1,0,0,0,0,0,0,0
1.3219799999999999,313.05052541399073,2.9640130172708696,181.29073138285619,1,0,0,0,0,0,0,0
1.3219999999999998,312.93197584384399,0.43623923287726307,182.87585262207276,1,0,0,0,0,0,0,0
1.32202,312.81346734728754,2.219635717346645,184.45375423577573,1,0,0,0,0,0,0,0
1.3220399999999999,312.69500375547653,4.0288356474414,186.02437393108261,1,0,0,0,0,0,0,0
1.32206,312.57658901939448,1.4466562738889481,187.58764970264565,1,0,0,0,0,0,0,0
1.3220799999999999,312.45821520922885,3.2811800309027355,189.1435198349858,1,0,0,0,0,0,0,0
1.3220999999999998,312.33989029207504,0.64547411653707065,190.69192290502849,1,0,0,0,0,0,0,0
1.32212,312.2216061948215,2.5051286826034755,192.23279778448574,1,0,0,0,0,0,0,0
1.3221399999999999,312.10336691674826,4.3899590053201223,193.76608364222781,1,0,0,0,0,0,0,0
1.32216,311.98517657412162,1.7010881875273032,195.29171994678219,1,0,0,0,0,0,0,0
1.3221799999999999,311.86702690606103,3.6106151457429791,196.8096464686123,1,0,0,0,0,0,0,0
1.3222,311.74892620906439,0.86947451754162974,198.31980328260562,1,0,0,0,0,0,0,0
1.32222,311.63086608238331,2.8034970274571882,199.82213077032955,1,0,0,0,0,0,0,0
1.3222399999999999,311.51285068945799,4.7620424646713175,201.31656962248107,1,0,0,0,0,0,0,0
1.32226,311.39488430775577,1.9690276182421123,202.80306084118652,1,0,0,0,0,0,0,0
1.3222799999999999,311.27695835346765,3.9516172303720816,204.281545742291,1,0,0,0,0,0,0,0
1.3223,311.15908144428687,1.1076390503409286,205.75196595776896,1,0,0,0,0,0,0,0
1.3223199999999999,311.04124486010426,3.114063896066547,207.21426343792143,1,0,0,0,0,0,0,0
1.3223399999999998,310.92345735415262,0.21977249884251349,208.66838045376107,1,0,0,0,0,0,0,0
1.32236,310.80571007158437,2.2498214242251304,210.11425959925103,1,0,0,0,0,0,0,0
1.3223799999999999,310.68800740339327,4.3034589924685127,211.55184379353216,1,0,0,0,0,0,0,0
1.3224,310.57035385019077,1.3593377108032361,212.98107628328097,1,0,0,0,0,0,0,0
1.3224199999999999,310.4527403810921,3.4361258094089697,214.40190064478142,1,0,0,0,0,0,0,0
1.3224399999999998,310.3351760582778,0.44306945914141138,215.8142607863723,1,0,0,0,0,0,0,0
1.32246,310.21765171988125,2.5427893568550513,217.21810095050586,1,0,0,0,0,0,0,0
1.3224799999999999,310.10017191077372,4.6653880778740788,218.61336571592548,1,0,0,0,0,0,0,0
1.3225,309.98274128222198,1.6239128833619674,220.00000000000523,1,0,0,0,0,0,0,0
1.3225199999999999,309.86535050145278,3.768953746909264,221.37794906077281,1,0,0,0,0,0,0,0
1.32254,309.74800893064491,0.67996820118491419,222.74715849918368,1,0,0,0,0,0,0,0
1.32256,309.63070710992747,2.8472251253959304,224.10757426116885,1,0,0,0,0,0,0,0
1.3225799999999999,309.51344973355202,5.0366282083908676,225.45914263985588,1,0,0,0,0,0,0,0
1.3226,309.39624159883925,1.9006803893034281,226.80181027765155,1,0,0,0,0,0,0,0
1.3226199999999999,309.27907308031018,4.1117942671103043,228.13552416831226,1,0,0,0,0,0,0,0
1.32264,309.16195383089854,0.92980602661855971,229.4602316591214,1,0,0,0,0,0,0,0
1.3226599999999999,309.04487410203433,3.1623975010661143,230.77588045287155,1,0,0,0,0,0,0,0
1.3226799999999999,308.9278387327069,5.4163803568011133,232.08241861001306,1,0,0,0,0,0,0,0
1.3227,308.81085266154781,2.1889305747712293,233.37979455066841,1,0,0,0,0,0,0,0
1.3227199999999999,308.69390597983983,4.4638706658882015,234.66795705663338,1,0,0,0,0,0,0,0
1.32274,308.57700862174255,1.1918942053109329,235.94685527348125,1,0,0,0,0,0,0,0
1.3227599999999999,308.46015055957628,3.4875514589908518,237.21643871247713,1,0,0,0,0,0,0,0
1.3227799999999998,308.34334184558526,0.17179702148976375,238.47665725265233,1,0,0,0,0,0,0,0
1.3228,308.22657233492401,2.4879294370109712,239.72746114274798,1,0,0,0,0,0,0,0
1.3228199999999999,308.10984706528791,4.8243841706644854,240.96880100314559,1,0,0,0,0,0,0,0
1.32284,307.99317116896066,1.4655190864571721,242.20062782789543,1,0,0,0,0,0,0,0
1.3228599999999999,307.87653434901011,3.8219093565015556,243.42289298656144,1,0,0,0,0,0,0,0
1.3228637347855956,307.87653434901011,3.8219093565015556,243.42289298656144,1,0,0,0,0,0,0,0
